"sampleID"	"BAK1"	"BAX"	"BID"	"BCL2L11"	"CASP7"	"BAD"	"BCL2"	"BCL2L1"	"BIRC2"	"CDK1"	"CCNB1"	"CCNE1"	"CCNE2"	"CDKN1B"	"PCNA"	"FOXM1"	"TP53BP1"	"ATM"	"BRCA2"	"CHEK1"	"CHEK2"	"XRCC5"	"TP53"	"RAD50"	"RAD51"	"XRCC1"	"FN1"	"CDH2"	"COL6A1"	"CDH1"	"CTNNB1"	"SERPINE1"	"ESR1"	"PGR"	"AR"	"INPP4B"	"GATA3"	"AKT1"	"AKT2"	"AKT3"	"GSK3A"	"GSK3B"	"AKT1S1"	"TSC2"	"PTEN"	"ARAF"	"JUN"	"RAF1"	"MAPK8"	"MAPK1"	"MAPK3"	"MAP2K1"	"MAPK14"	"RPS6KA1"	"YBX1"	"EGFR"	"ERBB2"	"ERBB3"	"SHC1"	"SRC"	"EIF4EBP1"	"RPS6KB1"	"MTOR"	"RPS6"	"RB1"	"CAV1"	"MYH11"	"RAB11A"	"RAB11B"	"GAPDH"	"RBM15"
"TCGA-AG-3583"	0.0939	0.1122	-0.631	0.0764	0.086	0.0848	-0.6564	0.5652	0.0582	0.0727	0.0611	0.0997	0.0642	0.0802	-0.6373	0.0961	-0.2095	0.0759	0.5177	0.0759	-0.6236	0.063	0.1142	0.0787	-0.2095	0.1122	0.063	-0.6429	0.0865	0.09	-0.2118	0.0705	0.0793	0.0514	0.0138	0.0532	0.0764	0.0997	0.0997	0.0781	0.0997	-0.2289	0.1122	0.1049	0.0732	0.0138	0.0996	-0.2295	0.0489	-0.631	0.1152	-0.2095	0.0939	-0.6322	0.1083	0.0679	0.1158	0.0616	0.095	0.5652	0.0751	0.1095	-0.6384	-0.2242	0.5257	0.0631	0.1337	-0.2095	0.0997	0.0961	0.1062
"TCGA-AG-3593"	-0.0581	0.1491	-0.0862	0.2206	-0.1459	0.1888	-0.679	0.9813	0.53268964984552	-0.1189	0.1894	0.1482	0.2078	-0.2352	-0.6688	-0.28	-0.2229	-0.7317	0.5334	0.163	-0.1299	0.2151	-0.6948	0.1643	-0.2616	0.1491	0.2151	-0.679	-0.3371	0.1968	0.5359	0.1628	-0.0727	0.1869	0.0783	-0.1838	-0.1468	-0.7163	0.1353	0.4439	0.1491	0.5215	0.1491	0.202155328495783	-0.1451	-0.0522	-0.2957	0.5172	-0.1618	-0.1567	0.1583	-0.2713	-0.0581	-0.2957	-0.2957	0.1638	0.2432	-0.2325	0.4385	1.1477	-0.0949	0.2554	-0.3225	-0.1101	0.5429	0.1507	0.1553	-0.2713	0.1482	-0.28	-0.2841
"TCGA-AG-3584"	-0.5977	0.0885	0.072	0.091	0.0748	0.1049	-0.5668	0.8875	0.0999	0.094	0.0856	0.0832	0.8747	0.0961	-0.1897	0.0961	-0.5735	0.078	0.0551	0.078	0.1192	0.0662	-0.5904	0.0717	-0.5735	0.0885	0.0662	-0.557	-0.7067	0.0862	-0.5849	0.5139	-0.6147	0.0747	-0.2325	0.0687	0.0828	0.4569	0.0885	0.1222	0.0885	0.0981	0.0885	0.0954	0.0797	-0.2001	-0.5616	-0.414018939798542	0.0905	0.0542	0.0954	-0.5735	-0.5977	-0.5188	-0.557	0.5139	0.1329	0.0825	0.1016	0.867	0.1803	0.1065	-0.547	0.0931	0.0897	0.5104	0.0954	-0.5735	0.1022	0.0961	-0.5754
"TCGA-AG-3598"	-0.0097	-5e-04	-0.0148	-0.0025	-0.0272	-0.0152	-0.9702	0.6131	0.388	0.0045	0.0076	-0.0491	0.6306	0.0013	0.6321	-0.0032	0.0071	-0.0337	-0.0174	-0.0337	-0.0486	-0.0036	-1.0075	-0.0162	0.0071	-5e-04	-0.0036	-0.9566	-0.0204	-0.0176	-0.0064	0.0017	-0.0036	-0.0017	0.0075	-0.0205434709662882	-0.0099	-1.054	-5e-04	-0.0131	-5e-04	-0.0078	-5e-04	-0.0013	-0.79368590033058	0.0075	-0.0101	-0.0064	-0.0607	-0.0514	0.073	-0.016	-0.0097	-0.0299	-0.0283	0.0045	-0.0252	0.0013	-0.0209	0.6131	-0.0276	0.6465	-0.0432	0.6497	-0.0074	0.0133	-0.0013	-0.016	-0.0026	-0.0032	-0.0111
"TCGA-AG-3586"	0.0164	0.0519	0.0214	0.0022	0.0322	0.0309	-0.0483985419521073	0.3488	-0.0176	0.0017	0.0405	-0.6558	0.4476	0.0122	0.3413	0.0294	0.0213	0.0094	0.731	0.0094	0.0293	0.0088	-0.2291	0.0014	0.0213	0.0519	0.0088	0.0097	-0.0056	0.0107	0.0239	5e-04	2e-04	-0.0313	0.0424	-0.0195	0.0044	0.0086	0.0231550287067893	0.0104	0.0299	0.0068	0.0559	0.0071	-1.23964008301525	0.0412	0.0245	0.0243	-0.0157	0.0323	0.0431	0.0469	0.0164	0.0216	0.0325	-0.0115	0.0403	-0.0016	0.0116	0.3488	-0.6841	0.03	0.0205	0.0378	0.7492	-0.0168	0.0549	0.0469	0.0183	0.0294	0.0226
"TCGA-AG-3600"	0.1861	0.4922	0.1863	0.1451	-0.326	-0.0069	-0.3971	0.1747	-0.6215	-0.3872	0.1678	0.4251	0.9361	0.6257	-0.377	0.6112	-0.3944	-0.6215	-0.2327	-0.0205	0.1674	0.5644	0.1291	0.6258	-0.3944	0.4922	0.5644	0.5947	-0.4111	-0.401	0.1143	0.1696	-0.3953	-0.624260768972157	0.0473	0.1752	0.4756	-0.4063	0.0704	0.9569	0.1268	-0.2579	0.4922	0.1702	-0.4117	0.0162	0.1915	0.0909	-0.457	0.2435	0.4643	-0.4264	0.1861	-0.4824	0.5879	0.6298	0.1291	0.1204	0.535	0.1747	0.1898	0.1291	-0.4565	-0.343	-0.2327	-0.3881	0.2394	-0.4264	0.4112	0.6112	0.1818
"TCGA-AG-3574"	-0.0536	-0.0481	-0.0487	0.4282	-0.047	-0.0576	-0.9198	1.0478	-0.0565	-0.0313	-0.0491	-0.0481	0.462	-0.9244	-0.9301	0.4655	-0.042	-0.0649	-0.0795	-0.0649	-0.0374	0.424	-0.0317	-0.058	-0.042	-0.0481	0.424	-0.8966	-0.1802	-0.0321	-0.0436	-0.0603	-0.055	-0.0444	0.0179	-0.0523	-0.0503	-0.0636	-0.0481	-0.0532	-0.0481	-0.0534	-0.0481	-0.0702	-0.047	0.0386	-0.0393	-0.0724	-0.0941	-0.0411	-0.0321	-0.042	-0.0536	-0.0533	-0.0533	-0.0372	-0.0658	0.4492	-0.0504	1.057	0.4674	-0.0414	-0.0592	-0.0385	-0.0531	-0.0499	-0.0363	-0.042	-0.0382	0.4655	-0.0509
"TCGA-AG-3594"	0.0307	0.0107	0.0547	0.024	0.0434	-0.5456	-0.5606	0.0356	-0.5675	0.0375	0.0323	-0.0119	0.0204	0.4437	0.0356	0.4386	0.0339	-0.5675	-0.571	-0.5675	0.0275	0.0327	-0.5619	0.0287	0.0339	0.0107	0.0327	-0.5881	0.0112	0.0225	0.0288	0.002	0.4286	-0.5675	-0.4361	0.0374	0.0116	0.0227	0.0107	0.0313	0.0107	0.0308	0.0107	0.0226	0.0263	-0.4384	0.0378	0.118829924562013	0.0287	0.0698	0.038	0.0243	0.0307	0.0212	0.0212	0.0158	0.0254	0.4389	0.0203	0.0356	0.9883	0.032	-0.0069	0.4437	-0.555	0.0331	0.038	0.0243	-0.0187	0.4386	-0.5835
"TCGA-AG-3601"	0.363	0.3378	1.1762	-0.1039	-0.1101	-0.0819	-0.6882	1.5054	-0.0508	-0.0562	-0.0465	0.3378	0.8184	0.2381	-0.1831	0.1574	-0.0885	-0.0508	0.7478	-0.1254	0.4167	-0.0871	-0.7704	-0.6748	-0.0885	0.3378	-0.0871	-0.6882	-0.2518	-0.0955	-0.0776	0.2935	0.3252	-0.0543	0.0206	-0.639	-0.1037	-0.7069	0.3378	-0.0929	0.3378	-0.0438	0.3378	0.321	-0.0547	0.013	-0.0752	-0.092	-0.0562	0.9051	0.3824	-0.0885	0.363	-0.1109	-0.1054	1.0043	0.3573	0.109987293269231	-0.1281	1.5017	-0.7889	0.9877	-0.761168543462939	-0.0619	0.7805	0.3454	0.3824	-0.0885	-0.181	0.1721	-1.8537
"TCGA-AG-3725"	0.3397	-0.173	-0.5048	-0.021	-0.0409	-0.008	-1.2393	0.3452	-0.0168	-0.0281	-0.1794	0.1542	-0.0467	-0.0157	0.3403	-0.0034	-0.4792	-0.0168	0.7718	-0.0168	-0.4879	-0.027	-0.49	-0.1794	-0.4792	-0.173	-0.027	-0.3975	-0.4099	-0.4888	0.218	0.6008	0.3134	-0.0168	0.0138	-0.4872	0.0026	-0.002	0.1211	0.044	0.1211	0.2051	-0.173	0.6075	-0.0281	0.0138	-0.0138	0.2184	-0.0281	-0.5048	0.6812	-0.4792	0.3397	-0.0025	-0.0138	0.5943	0.0143	-0.0173	0.0598	0.4374	-0.1407	0.0018	-0.0109	0.5261	0.7695	0.6049	0.6812	-0.4792	-0.175	-0.0034	-0.0013
"TCGA-AF-2690"	-0.2112	-0.0518	0.2545	0.2244	-0.054	0.0134	-0.5699	0.6409	0.1383	0.0022	-0.2229	-0.0703	0.5594	0.0361	0.5495	-0.0128	0.0145	0.1383	0.2104	0.1383	0.2101	0.1918	-0.2782	-0.2231	0.0145	-0.0518	0.1918	-0.561	-0.2423	0.0022	0.034	0.019	-0.1759	0.1383	0.0365	-0.2126	-0.079	-0.248	-0.041	-0.0106	-0.041	0.0309	-0.0518	-0.0172	-0.0497	0.0275	-0.2468	-0.0163	-0.0825	0.2545	-0.0172	0.0081	-0.2112	-0.2893	-0.2468	0.623	0.2	0.0118	-0.0067	0.6409	-0.2343	0.2125	-0.2894	0.4488	0.2561	0.0243	-0.0172	0.0081	0.3273	-0.0128	-0.254
"TCGA-AG-3578"	0.2229	0.2079	-0.5549	0.2232	-0.6143	-0.1101	-0.5945	0.2324	-0.1206	-0.6314	-0.639	0.2079	1.0963	0.2189	-0.6121	0.2273	-0.6077	-0.1206	0.2162	-0.1206	0.2621	0.2261	-0.6051	-0.6322	-0.6077	0.2079	0.2059	-0.619	0.1968	-0.076	0.2222	0.2141	-0.64	-0.1206	0.0175	0.1879	0.2229	0.2296	0.2079	0.5084	0.2079	-0.1469	0.2079	-0.1227	-0.6143	0.0212	-0.0997	0.2222	-0.6119	0.2429	0.2415	-0.5947	0.2229	-0.0772	-0.0997	0.2275	0.212	0.2142	0.5229	0.2324	-0.6184	0.2422	-0.0881	0.2248	0.2105	0.2141	-0.0329096398761707	-0.5947	0.2079	0.2273	-0.088
"TCGA-AG-3599"	0.0062	0.0194	0.0289	-0.0101	-0.0173	-0.0052	0.0023	0.6266	-0.0132	-0.0108	-0.0027	-0.0027	0.0336	0.0119	0.6304	-0.0094	-0.005	-0.0132	-0.0145	-0.0132	-0.0247	-0.0332	-0.0135	-0.0061	-0.005	0.0194	-0.0332	0.0023	-1.1071	0.0176	-0.0113	0.1262	4e-04	-0.0132	0.0087	0.0067	-0.0112	-0.0174	-0.0027	0.0315	0.0194	-0.0129	0.0194	-0.0231	-0.0108	0.0087	-0.0063	0.0788410951210951	-0.0108	0.0069	0.0618	-0.005	0.0062	-0.0328	-0.034	0.1141	-0.0053	0.139253972462157	0.0063	0.6266	0.0268	-0.0138	-0.0102	0.0208	-0.0089	0.1195	0.1727	-0.005	-0.0027	-0.0094	0.002
"TCGA-AG-3605"	-0.0049	-0.033	0.0039	-0.0605	-0.0052	-0.033	-0.4902	0.4103	-0.033	-0.0136	-0.0393	-0.033	0.2012	-0.0057	-0.0792	-0.0201	-0.0105	-0.033	0.1177	-0.033	-0.0199	-0.0297	-0.8008	-0.0435	-0.0105	-0.033	-0.0297	-0.509	-0.0646	-0.0165	0.046	0.5069	-0.0114	-0.033	0.0308	-0.0157	-0.0287	0.0654	-0.033	0.0016	-0.033	0.0427	-0.033	-0.0447	-0.0141	0.0774	0.0288	0.0371	-0.0136	-0.0485	-0.0394	-0.0105	-0.0049	0.0148	0.0288	0.4796	-0.0171	-0.0057	0.012	0.4103	0.152	0.0076	0.0085	0.4865	0.1536	0.5069	0.017	-0.0105	-0.0048	-0.0201	0.0287
"TCGA-AG-3731"	0.0171	0.0539	-0.1283	0.033	0.139433382189131	0.0273	-0.179	0.4222	0.0264	0.0581	-0.1278	0.0513	0.7313	-0.2912	0.3563	0.8212	-0.0098	0.0264	0.0195	0.0264	-0.1069	0.0258	-0.325	-0.1131	-0.0098	0.0852	0.0258	-0.179	0.0477	0.0087	-0.0924	0.0107	0.0042	0.0264	0.013	0.2771	0.0011	-0.3364	0.0513	-0.1111	0.0513	-0.1079	0.0539	-0.0303	-0.3101	0.013	-0.12	-0.1035	0.0165	-0.1283	0.0114	-0.0257	0.0171	-0.1103	-0.115	0.0566	0.0594	0.0765	-0.1	0.4222	0.0389	0.0487	-0.1103	-0.1162	0.0263	0.0107	-0.0303	-0.0257	0.0708	0.8212	-0.1181
"TCGA-AF-3400"	-0.0709	0.0465	0.0454	0.0457	-0.1058	-0.0434	-0.1202	0.0519	0.0579	-0.107	-0.1085	0.0405	0.1748	0.191	0.0175	0.1945	0.1887	0.0579	0.0496	0.0579	-0.0028	0.0464	-0.2211	0.0569	0.1887	0.0465	0.0464	-0.1122	0.0188	-0.1098	-0.0875	0.0587	-0.1099	0.0413	0.013	-0.0936	-0.1188	-0.0089	0.0465	0.0498	0.0465	-0.1001	0.0465	0.0392	-0.1058	0.013	0.0253	-0.0859	-0.0963	0.0454	-0.048	0.1887	-0.0709	0.0253	0.0253	0.1917	0.0467	-0.0305	0.0404	0.0519	-0.1223	0.0452	0.0493	0.295	0.046	0.0566	0.0754	0.1887	0.02	0.1945	0.07
"TCGA-AG-3580"	0.0034	-5e-04	0.046	-0.004	1e-04	3e-04	-7e-04	0.3931	3e-04	0.0122	-0.0063	-5e-04	0.0023	0.0285	0.3808	-0.0072	4e-04	3e-04	-0.0018	3e-04	-0.0052	-0.006	-6e-04	0.0018	4e-04	-5e-04	-0.006	-7e-04	-0.0012	-0.0141	0.0053	0.0036	0.008	3e-04	0.015	0.0165	-0.003	-0.0226	-5e-04	0.0214	-5e-04	0.0081	-5e-04	0.0046	0.0089	0.015	0.0048	0.11663290979291	0.0122	0.046	0.0507	4e-04	0.0034	-0.0139	-0.0014	-0.0116	0.0012	0.0102	0.0027	0.3931	-7e-04	0.0057	-0.0333	0.0136	-0.0018	0.0079	0.0046	4e-04	-5e-04	-0.0072	0.0103
"TCGA-AG-3602"	0.592	0.1493	-0.5886	0.1032	-0.6109	-0.5837	-0.5775	0.6565	0.1161	0.131	0.1291	0.1406	0.123	-0.5529	-0.5881	-0.6445	0.1455	0.1161	0.6237	0.1161	-0.5886	0.1069	-0.6063	0.129	0.1455	0.1493	0.1069	-0.5796	-0.6939	0.1551	0.1435	0.1415	-0.594	0.1203	0.0446	0.1244	0.1187	-0.6029	0.1493	0.1332	0.1493	0.1246	0.1493	0.1227	0.131	0.0369	0.1499	0.1244	0.131	-0.5886	0.1318	0.1455	0.6696	0.1221	0.1387	0.1187	0.1366	-0.5589	0.1336	0.6565	0.1206	0.1616	0.1382	0.1366	0.6385	0.1229	0.2047	0.1455	0.1406	-0.5529	0.1257
"TCGA-AG-3612"	0.1714	-0.1137	0.3451	-0.1945	-0.1637	0.2569	-0.9602	1.2152	0.6479	-0.1411	-0.16	-0.2206	0.7874	-0.1554	0.3808	-0.1554	-0.9468	0.2264	0.8518	0.2186	0.3268	-0.162	-0.0795	-0.1698	-0.9468	-0.1238	-0.162	-0.9292	-0.0536	-0.1217	0.0159	0.6339	0.1714	0.2299	0.0451	-0.9059	-0.1851	-0.1176	-0.1238	-0.1589	-0.1238	0.474	-0.1137	-0.1584	-0.1332	-9e-04	-0.1489	0.236773627926032	-0.2536	0.3479	-0.1596	-0.9946	0.1714	-0.1691	-0.1525	0.6612	-0.0762	-0.1547	-0.1505	1.2152	-0.1819	-0.083	-0.1632	1.1179	0.8406	0.6323	-0.1364	-0.9946	-0.1336	-0.1554	-0.1656
"TCGA-AG-3742"	0.038	0.0295	-0.0044	0.0434	0.0411	0.0356	-0.5943	0.7354	0.0368	0.0562	0.0434	0.0295	0.0412	0.0448	-0.6201	0.0281	-0.6027	0.0385	0.4832	0.0385	0.039	0.0377	-0.6336	0.0435	-0.6027	0.0295	0.0377	-0.5975	0.0487	0.0536	0.0097	0.4504	0.0434	0.0368	0.0163	-0.5535	0.0458	-0.644	0.0295	0.063	0.0295	0.0285	0.0295	0.0271	0.0411	0.0163	0.0486	0.0234	0.0401	0.0151	0.0552	-0.6156	0.038	0.0419	0.0486	0.4336	0.3915	0.0333	0.0682	0.9898	-0.6194	-0.007	0.0367	0.0524	0.4897	0.4504	0.0369	-0.6156	0.0286	0.0281	0.0314
"TCGA-AG-3581"	0.035	0.0597	-0.5292	0.0372	0.033	-0.5522	-0.5527	0.8694	-0.5468	0.0386	0.0374	0.0314	0.0299	0.0386	-0.5769	0.0387	0.0476	-0.5547	0.4456	-0.5547	-0.5479	0.0324	-0.5597	0.0546	0.0476	0.0597	0.0324	-0.5468	-0.1214	0.0757	0.0465	0.4545	0.0318	-0.5468	0.0095	0.0413	0.0339	0.0233	0.0597	0.0409	0.0597	0.0386	0.0597	0.0542	0.033	0.0095	0.0486	0.0414	0.034	-0.5234	0.0525	0.0476	0.035	0.0486	0.0486	0.4465	0.4621	0.0386	0.052	0.8617	0.0459	0.4608	0.0349	0.0567	0.4456	0.4756	0.0525	0.0476	0.0515	0.0387	0.0381
"TCGA-AG-3609"	0.1762	0.5306	0.2775	0.2034	-0.2999	-0.3483	-0.3173	0.7953	-0.3031	-0.2862	0.2154	0.5681	-0.2924	0.2017	0.8021	0.1652	-0.3161	-0.3031	0.9011	-0.3555	0.2022	0.1872	-0.393	0.2291	-0.3161	0.5306	0.1872	-0.3069	-0.4869	-0.3491	-0.3043	0.2418	0.2579	-0.3031	-0.0461	-0.2598	-0.3639	-0.3309	0.5306	-0.3095	0.5306	-0.289	0.5306	-0.3967	-0.2989	-0.0417	-0.2986	-0.3174	-0.3177	0.2775	-0.3288	0.1737	0.1762	-0.3914	-0.3781	0.6635	0.188912885959261	0.594	0.5609	1.5581	-0.3265	0.6219	-0.3929	-0.2542	0.9318	0.2717	-0.3288	0.1737	0.4859	0.1652	-0.3411
"TCGA-AG-3727"	0.0998	0.1195	0.1618	0.077	0.0834	0.1124	-0.6635	0.5499	0.309	0.0781	0.0772	0.0891	0.0572	0.0946	-0.665	0.1189	-0.658	-0.6866	0.5052	-0.6866	0.1021	0.0716	-0.6625	0.0758	0.1085	0.1195	0.0716	-0.676	-0.6684	0.0751	0.0676	0.0965	0.0532	0.063	0.0388	0.0565	0.0725	-0.6801	0.0969	0.5241	0.1195	0.0709	0.1195	0.1047	0.09	0.046	0.1036	-0.544834482274482	0.0679	0.1618	0.1167	0.1106	0.0998	-0.6442	0.1036	0.0553	0.1082	0.0994	0.1062	0.5487	-0.695	0.096	-0.659	0.0865	0.5019	0.058	0.1135	0.1106	0.1075	0.0878	0.0858
"TCGA-AG-3582"	0.0355	0.1068	0.4172	2e-04	0.0517	0.0585	-0.4295	1.0939	0.0405	0.0578	-0.0064	0.3629	0.5396	0.0538	0.6341	0.0344	-0.4098	0.0405	0.6204	0.0405	0.364	0.0638	-0.4374	-0.0023	-0.4098	0.1068	0.0638	-0.4295	-0.5098	0.0441	0.0466	0.3849	0.0487	0.0405	0.0356	-0.4064	0.0343	0.0855	0.1068	0.0188	0.1068	0.0673	0.1068	0.0465	0.0585	0.0284	-0.0914	0.0466	0.0376	0.3651	0.0465	-0.4098	0.0355	-0.1247	-0.1247	0.3633	0.2249	0.0465	0.0231	0.8972	-0.4581	-0.4317	-0.1581	0.0607	0.6448	0.4	0.0465	-0.4098	0.3698	0.0344	-0.1148
"TCGA-AG-3591"	0.2414	-0.1146	-0.213	0.1955	-0.1023	-0.6125	-1.4408	0.2508	-0.6304	-0.0953	-0.1376	0.2484	0.7131	-0.1319	0.258	-0.1359	-0.5725	-0.6304	0.2351	-0.6397	-0.1935	0.1898	-0.6274	-0.1359	-0.5725	-0.1146	0.1898	-0.6164	-0.1146	-0.0847	0.2197	-0.1149	-0.1448	-0.6304	-0.0938	0.0493	-0.1123	-0.0975	-0.1278	0.4788	-0.0736	0.2167	-0.1146	-0.0946	-0.1023	-0.1263	0.2081	0.2237	-0.1053	-0.2106	-0.1001	-0.5725	0.2414	0.2205	0.2081	0.2212	-0.1054	0.2027	0.4672	0.2508	0.7131	-0.1106	0.2116	0.2375	-0.122	-0.1514	-0.0902	-0.5725	0.2442	-0.1359	0.4799
"TCGA-AG-A002"	0.0224	0.027	0.0408	-0.0208	0.0041	0.033	0.013	0.0038	-0.0096	0.0031	0.0281	-0.038	0.0082	0.0397	0.0327	0.0039	0.0125	-0.0096	0.0224	-0.0096	0.0094	5e-04	0.0167	0.002	0.0125	0.027	5e-04	-0.01	0.012	-0.0017	0.0129	0.0155	-0.0076	0.0073	0.0322	0.0134943128515948	0.0086	-0.0156	-0.0142	0.0092	-0.0142	0.01	0.027	0.0318	-0.0051	0.0322	0.0201	0.0029	-0.0601	0.0155	-0.002	0.018	0.0224	-0.0016	0.0201	0.0334	0.0215	0.0228	0.0057	0.0038	0.0113	0.0336	-0.0251	0.0189	0.011	0.016	0.0318	0.018	0.0203	0.0039	0.0149
"TCGA-AG-A008"	-0.2256	0.2506	0.2798	0.2167	-0.249	-0.2494	-0.9005	0.6336	-0.2605	-0.249	0.2374	0.2129	0.2021	0.2575	-0.2252	0.2648	-0.2724	-0.2797	0.245	-0.2797	0.2395	0.2081	-0.2284	0.2267	-0.2724	0.2506	0.2081	-0.9123	0.1986	0.2463	0.2375	-0.2556	-0.2197	-0.2605	0.0475	-0.2522	-0.2559	0.2276	0.2506	0.2112	0.2506	0.2342	0.2506	0.283	-0.249	0.0398	0.2282	0.2375	-0.3	0.2798	0.2446	-0.2724	-0.2114	-0.8883	0.2333	-0.2683	-0.2421	0.2323	0.2089	0.6336	0.228	-0.2225	-0.9214	0.2323	0.245	-0.2591	0.4631	-0.2724	0.2354	0.2648	0.2331
"TCGA-AG-A00C"	0.058	0.0681	0.0369	0.0175	0.0428	0.0577	-0.9333	0.749	0.1015	0.0427	0.0037	0.0547	0.0553	-0.1009	0.732	-0.1287	0.0416	0.0269	0.6994	0.0269	0.0533	-9e-04	-1.0043	-0.0236	0.0416	0.0793	-9e-04	-0.9342	8e-04	0.1319	0.0407	0.1078	0.0498	0.0404	0.0518	0.0159	0.0469	-0.9533	0.0793	0.0697	0.0793	0.0757	0.0681	0.0837	0.0428	0.0518	0.0524	0.013	0.0301	0.067	0.0887	0.0546	0.058	0.0433	0.0524	0.1138	0.0951	0.0086	0.0777	0.7401	0.0484	0.0826	0.0127	0.0621	0.6947	0.1078	0.1305	0.0546	0.1074	-0.1009	0.0373
"TCGA-AG-A011"	-0.5025	-0.4765	0.154	0.0559	-0.548	0.0832	-0.556	0.549	0.3233	0.0493	0.0481	-0.5645	0.9006	0.0955	0.5293	0.0908	-0.5273	0.0741	0.0416	0.0462	0.0987	0.0422	-0.5031	0.05	-0.5273	-0.4765	0.0422	-0.556	0.5351	0.1326	0.0752	0.0672	-0.5589	0.0547	-0.0121	0.4894	0.066	0.0669	-0.4765	-0.5118	-0.4765	0.0366	-0.4765	0.121	-0.548	0.0208	0.0808	0.0497	0.025	0.1281	0.127	-0.5353	-0.5428	0.101	0.0808	0.0863	0.094	0.0688	0.5357	0.549	-0.5681	0.0975	0.1079	0.0594	0.0697	0.047	0.1786	-0.5353	0.122	0.0913	0.0917
"TCGA-AG-A015"	0.4216	0.4209	-0.1871	-0.226	-0.2348	-0.2287	-0.2351	0.4721	-0.2399	-0.2315	-0.171	0.4209	-0.2405	0.465	0.4791	0.4552	-0.2304	-0.2399	0.9418	-0.2399	-0.2198	-0.2363	-0.2292	-0.1872	-0.2304	0.4209	-0.2363	-0.2351	-0.2811	0.455	-0.2252	0.4994	0.4159	-0.2399	0.0295	-0.2339	-0.2571	-0.2371	0.4209	0.6557	0.4209	-0.223	0.4209	0.4659	-0.2348	0.0295	-0.2106	-0.2494	-0.2625	-0.2231	0.4679	-0.2304	0.4216	-0.2122	-0.2191	0.4542	-0.2292	0.4448	0.7162	0.4721	-0.2414	-0.2275	-0.2447	-0.2245	0.9362	0.4642	0.5628	-0.2304	-0.2286	0.4552	-0.2232
"TCGA-AG-A016"	0.433	0.4408	-0.15	-0.2162	-0.1946	-0.2067	-1.2549	1.3559	-0.2241	-0.2103	-0.2017	0.4148	0.9718	-0.1532	0.4683	-0.1945	-0.2043	-0.2274	0.9173	-0.2677	-0.2358	-0.2089	-0.2329	-0.22	-0.2043	0.4493	-0.2089	-1.2379	-0.2441	0.4664	-0.0862	0.4821	0.4074	-0.2259	0.0266	-0.1932	0.4592	-0.2221	0.4563	-0.2108	0.4563	-0.1137	0.4408	0.4588	-0.1946	0.0266	-0.1653	-0.1145	-0.2103	-0.192	0.4624	-0.2043	0.433	-0.215	-0.1653	0.494	0.401	-0.192	-0.1609	1.3433	-0.286	0.3892	-0.2051	-0.1882	0.939	0.4903	0.5809	-0.2043	-0.2612	-0.1945	-0.1609
"TCGA-AG-3898"	0.0426	0.0306	0.0755	0.0117	-0.0115	0.0222	-0.5203	1.3189	0.0264	0.0048	-0.2033	-0.0068	0.2222	-0.0724	0.2824	-0.1021	0.0253	0.0062	0.008	0.0062	0.0257	0.2477	-0.5708	-0.2272	0.0253	0.0306	0.2477	-0.5227	-0.2446	0.0268	0.0302	0.3579	0.0448	0.0264	-0.0208	-0.1973	-0.0104	-0.1508	0.0306	0.223	0.0306	0.0396	0.0306	0.0433	-0.0209	-0.0208	-0.2117	0.0212	-0.0271	0.0755	0.0701	0.0111	0.0243	-0.244	-0.2117	0.3205	3.2214140985767	-0.0822	0.0303	1.4093	0.2254	0.0347	-0.247	0.057	-0.0147	0.373	0.0756	0.0111	0.0187	-0.1021	0.0365
"TCGA-AG-A01N"	0.1385	0.0816	-0.1499	0.1135	-0.1497	0.0889	-0.5047	1.2827	0.0889	-0.1087	0.158	0.09	0.7739	-0.1317	-0.5176	-0.1722	-0.1425	0.0889	-0.1209	0.0889	-0.1619	0.119	-0.5398	0.162	-0.1425	0.0816	0.119	-0.5029	-0.5915	0.4066	-0.141	0.4013	0.1509	0.0889	-0.346	-0.1364	-0.1499	-0.1475	0.0797	0.386	0.0797	-0.1466	0.0816	0.3653	-0.1395	0.5371	-0.1357	-0.1649	-0.204	-0.199	0.3897	-0.1425	0.1385	-0.1748	-0.1628	0.3414	0.1328	-0.1317	0.3869	1.2827	0.4214	0.1429	-0.1801	-0.0584	-0.1209	0.4013	0.3897	-0.1425	0.0747	-0.1722	-0.1772
"TCGA-AG-A01W"	0.0932	0.0182	0.0193	0.3572	-0.3156	0.0563	-0.8256	0.5498	0.0563	0.4089	-0.2984	0.0182	0.2696	-0.2755	-0.3447	-0.3287	0.0675	-0.1998	0.1097	-0.0606	0.0341	0.3324	-0.3498	-0.302	0.4014	0.0182	0.3324	-0.8261	-0.1059	0.2558	0.0729	0.3388	0.0663	0.0563	0.0899	-0.2943	0.0548	-0.3014	0.0182	0.3079	0.0182	0.068	0.0182	0.0238	0.4118	0.0899	-0.3027	0.0523	0.3633	0.0193	0.0282	0.0675	0.0645	-0.3321	-0.3027	0.189749689381222	0.0521	0.065	0.3317	0.5498	-0.0914	0.0521	-0.3447	0.589	0.1233	0.3551	0.0364	0.0675	0.0033	-0.3287	-0.299
"TCGA-AG-A01Y"	0.0482	-0.0046	0.0811	0.0573	0.0649	0.526	-0.7027	0.5101	0.5618	0.0737	-0.6838	-0.0033	0.9132	0.0963	-0.7313	0.0534	0.0604	-0.6685	0.0556	0.0305	0.036	0.0766	-0.765	-0.6778	0.0604	-0.0046	0.0766	-0.6787	-0.8436	0.0545	0.0632	0.0791	0.0947	0.5618	-0.2094	-0.6588	0.0516	0.5478	0.0076	0.5664	0.0299	0.0897	-0.0046	0.5351	0.0649	-0.2094	0.0798	0.0714	0.0737	0.0135	0.0018	0.0604	0.0482	-0.7842	0.0471	0.0703	0.5185	0.0652	0.0625	0.5101	0.0294	0.0478	-0.8041	0.1027	0.5626	0.1155	0.0255	0.0604	-0.0132	0.0534	0.0445
"TCGA-AG-A020"	0.071	-0.0084	-0.8669	0.0924	-0.685	-0.0151	-0.7532	0.9444	-0.6484	-0.6781	0.0587	-0.0084	0.1333	0.1107	-0.7904	0.1226	0.0376	-0.6991	0.0249	-0.72	-0.8224	0.1011	0.0512	0.058	0.0376	-0.0084	0.1011	-0.7555	-0.8437	0.0814	0.1455	0.1457	0.0725	-0.6484	0.0169	0.0571	0.1757	0.0195	-0.0084	0.0437	-0.0084	0.1596	-0.0084	0.0702	-0.6598	0.0169	0.0462	0.190158529437883	-0.7067	-0.8224	0.0702	0.0376	0.071	0.0195	0.0462	0.1084	0.0588	0.0914	0.0412	0.9599	-0.135	0.0767	0.0183	0.631	0.0249	0.1532	0.0702	0.0376	-0.0084	0.1107	0.0426
"TCGA-AG-A026"	0.0278	0.2847	-0.3268	0.0235	0.0271	0.0299	-0.3079	1.052	0.0228	0.0411	-0.3107	0.2843	0.5133	-0.3133	-0.3087	0.0288	-0.3019	0.0228	0.3162	0.0228	-0.3026	0.0149	-0.3072	-0.3086	-0.3019	0.2847	0.0149	-0.3058	-0.0489	0.0416	0.0557	0.0318	0.0221	0.0238	-0.0108	-0.0574455062484871	0.0248	-0.3182	0.2929	0.3189	0.2929	0.035	0.2847	0.025	0.0282	0.0184	-0.299	0.0378	0.0187	-0.304	0.0388	0.0474	0.0278	-0.3064	-0.3017	0.5283	0.05244255961215	0.0149	0.3227	1.0457	-0.3512	0.0429	-0.3126	-0.2997	0.3228	-0.319	0.0398	0.0474	0.2786	0.0288	-0.287
"TCGA-AG-A02G"	0.1088	0.0604	-1.0268	0.1	0.0522	0.0527	-0.410445619238725	1.3358	0.0527	0.0525	-0.4318	0.0604	-1.0614	0.4021	-0.421	0.4145	-0.4093	0.0527	0.8391	0.0527	-0.3911	0.083	0.0722	-0.4377	-0.4093	0.0604	0.083	0.4244	-0.0643	0.1211	0.0141	0.3007	0.0826	0.0527	0.0265	0.0234	0.0509	-0.3473	0.0604	0.3967	0.0604	-0.0023	0.0604	-1.0579	0.0522	0.116	-0.4041	0.0045	0.0155	-2.63861491684639	0.1151	-0.4093	0.1088	-0.3931	-0.4041	0.287	0.0688	0.392	0.4019	1.411	-0.3542	0.0662	-0.4069	-0.3259	0.8438	0.3007	0.1151	-0.4093	0.0604	0.4145	-0.4133
"TCGA-AG-A02N"	-0.0311	-0.0177	-0.0163	-0.0386	-0.0272	-0.0222	-0.0327	-0.0186	-0.0389	-0.0334	-0.0427	-0.0371	0.6932	0.3978	-0.0186	0.3978	-0.0221	-0.0389	-0.0418	-0.0389	-0.0163	-0.044	-0.015	-0.0394	-0.0221	-0.0177	-0.044	-0.0327	-0.7576	-0.0335	-0.0422	-0.0392	-0.0437	-0.0395	0.0024	-0.0428	-0.0253	-0.0218	-0.0107	-0.0352	-0.0107	-0.0414	-0.0177	-4e-04	-0.0362	0.0245	-0.0297	-0.0495	-0.0334	-0.0163	-0.0289	-0.0221	-0.0311	-0.0116	-0.0116	-0.0392	-0.0082	0.3984	-0.0246	-0.0186	-0.0357	-0.0115	-0.0101	-0.0357	-0.0418	-0.0392	-0.0107	-0.0221	-0.0143	0.3978	-0.0162
"TCGA-AG-3878"	-0.0217	0.1918	0.0118	-0.0218	-0.0211	-0.0248	-0.0275	0.1884	-0.0248	-0.0211	-0.0285	0.1705	-0.0286	-0.0254	0.1924	-0.0197	-0.0244	-0.0248	-0.0163	-0.0248	0.0118	-0.0218	-0.0062	-0.03	-0.0244	0.1918	-0.0218	-0.0275	-0.0234	-0.031	-0.0296	0.1894	-0.0325	-0.0248	0.002	-0.0235	-0.0259	-0.0277	0.1705	-0.0269	0.1705	-0.029	0.1918	-3e-04	-0.0211	0.002	-0.0178	-0.0263	-0.0211	0.0118	-0.0105	-0.0244	-0.0217	-0.0301	-0.0301	0.1894	-0.0062	-0.0205	-0.0308	0.1884	-0.0372	-0.0154	-0.0194	0.1968	-0.0235	0.1894	-3e-04	-0.0244	0.1705	-0.0197	-0.0236
"TCGA-AG-3901"	0.0027	0.0264	0.0477	0.0672	-0.2736	0.0266	-0.2782	0.1218	0.0119	0.0643	0.065	0.0204	0.0172	0.0423	0.1218	0.0437	-0.2338	0.0206	0.0323	0.0206	0.0667	0.0595	0.0125	0.0603	-0.2338	0.0252	0.0595	-0.2817	0.0654	0.0454	0.0312	0.0531	0.0022	0.0119	0.0156	-0.0017	0.0649	0.0706	0.0252	0.0659	0.0252	0.0268	0.0264	0.041	-0.2736	0.0156	0.0781	0.0312	0.0605	0.0477	0.041	-0.2326	0.0027	-0.2709	0.0781	0.0531	0.011	0.0359	0.0677	0.1218	0.0225	0.0135	-0.2832	0.0916	0.0323	0.0541	0.041	-0.2326	0.0147	0.0437	0.0754
"TCGA-AG-4001"	0.0777	-0.115	-0.1821	-0.1529	-0.1493	0.1023	-0.4076	0.8202	0.0677	0.0562	-0.1354	0.2504	-0.1407	0.2582	0.0534	0.2722	0.0313	0.0677	0.4773	0.0677	-0.1309	-0.1361	-0.4145	-0.1393	0.0313	-0.115	-0.1361	-0.4117	-0.1687	0.0806	0.204	0.0043	0.0811	0.1023	0.0164	-0.1397	0.0347	-0.4139	-0.115	-0.1348	-0.115	0.0819	-0.115	0.0749	-0.1368	0.0164	-0.121	0.2561	-0.0108	-0.1309	0.0874	0.0313	0.0777	-0.1163	-0.121	0.7201	0.0819	0.2482	-0.1275	0.8202	0.0548	0.0975	-0.1403	0.5384	0.4773	0.0043	0.0902	0.0313	0.1876	0.2722	-0.1275
"TCGA-DT-5265"	-0.4635	0.0808	0.0827	0.0703	0.0854	-0.4159	0.1539	0.0856	-0.4101	0.0869	0.0608	0.0589	0.0848	0.1581	0.0856	0.232	0.1271	-0.4101	-0.4104	-0.4275	-0.4651	0.0884	-0.479	0.0526	0.1271	0.0808	0.0884	0.1434	0.0072	0.0356	-0.2276	0.4635	-0.4499	-0.4093	-0.1115	0.0487	0.0826	0.037	0.0808	0.0526	0.0808	-0.2076	0.0808	0.0338	0.0773	-0.1115	0.0509	-0.2276	0.0824	0.0564	0.037	0.1271	-0.4635	0.0509	0.0509	0.4399	0.2385	0.0793	0.0649	0.0856	0.082	-0.4492	0.0493	0.0773	-0.3865	0.4541	0.037	0.1271	0.0792	0.232	0.0662
"TCGA-AG-A02X"	0.2327	0.1831	0.1838	-0.3289	-0.3224	-0.3265	-0.32	0.6211	-0.3048	-0.3145	-0.3181	0.1831	-0.3272	0.2479	0.6382	0.2233	-0.3255	-0.3392	0.23	0.2128	0.2002	0.2416	-0.3667	-0.3269	-0.3255	0.1831	0.2416	-0.3368	-0.3353	0.2098	0.2314	0.2078	0.2184	-0.2983	-0.2333	-0.3254	-0.3538	0.2245	0.1831	0.6017	0.1831	0.2346	0.1831	0.2083	-0.3224	-0.2333	0.2166	0.2314	-0.3099	0.2019	0.2098	-0.3297	0.2327	0.2166	0.2166	0.1803	-0.3519	0.2298	0.2262	0.6211	-0.312	-0.3429	0.1919	0.2323	0.2273	0.2262	0.2386	-0.3297	0.156	0.2233	0.2472
"TCGA-AG-A036"	0.0113	0.0127	0.0367	0.0081	0.0085	0.0103	0.0089	0.008	0.0103	0.0073	0.0072	0.0105	0.0013	0.0095	0.008	0.0119	0.0147	0.0103	0.0104	0.0103	0.014	0.0103	0.0175	0.0083	0.0147	0.0127	0.0103	0.0089	-0.0061	0.008	0.0123	0.0168	0.0066	0.0103	0.0182	0.009	0.0045	0.0099	0.0105	0.0088	0.0127	0.0108	0.0127	0.024	0.0085	0.0182	0.0114	0.0123	0.0073	0.0367	0.0146	0.0119	0.0113	0.0114	0.0114	0.0171	0.0123	0.0063	0.0088	0.008	0.0063	0.0147	0.0097	0.0186	0.0104	0.0168	0.024	0.0119	0.0075	0.0119	0.0239
"TCGA-DY-A0XA"	0.0664	0.0422	-0.0202	0.0544	0.0031	-0.244	-0.6048	0.8207	0.2778	0.0104	-0.2251	0.0378	0.6276	0.0333	0.1084	1.7263	0.0764	0.2778	-0.5696	0.2778	0.0354	0.0624	-0.6121	-0.2251	0.0764	0.0422	0.0624	-0.6048	-0.2312	0.0498	0.0685	0.0252	0.046	0.2778	0.0052	-0.1016	0.0144	0.0423	0.0378	0.0703	0.0378	0.0776	0.0422	0.2673	0.0031	0.0161	-0.1986	-0.547	0.0104	-0.0202	0.0624	0.0772	0.0664	-0.5697	-0.1879	0.6953	0.0579	0.0091	0.0703	0.8207	-0.6214	0.0579	-0.574	0.0736	-0.5778	0.0252	0.0624	0.0772	0.0467	0.0106	-0.2227
"TCGA-DY-A1DC"	-0.0288	0.0018	-0.4347	-0.0301	-0.0281	-0.0118	-0.6563	0.7203	-0.0445	-0.0416	-0.0438	-0.0035	0.6705	-0.031	-0.6469	-0.0196	-0.3751	-0.0445	0.6819	-0.0445	-0.3826	-0.0584	-0.6477	-0.023	-0.3751	0.0018	-0.0584	-0.6563	-0.026	-0.0146	-0.0192	0.3813	-0.0607	-0.0445	0.0232	-0.0698	-0.0328	-0.6556	-0.0035	-0.0422	0.0175	0.6387	0.0018	0.0311	-0.0256	0.0276	-0.0288	-0.0192	-0.0464	-0.4347	0.0023	-0.3751	-0.0288	-0.037	0.0151	0.3436	0.0104	-0.0334	-0.0197	0.7203	0.3907	0.0099	-0.037	-0.0293	0.6716	0.3813	-0.0545	-0.3751	0.0075	-0.0196	-0.014
"TCGA-DY-A1DD"	0.0249	0.0162	0.019	-0.0109	0.0026	0.0049	-0.7799	1.4059	-0.0011	0.0062	-0.7005	-0.0013	0.7885	0.0179	-0.1921	0.0456	-0.7382	-0.0011	0.8763	-0.0011	0.0374	-0.0013	-0.7866	-0.7005	-0.7382	0.0162	-0.0013	-0.7799	-0.8277	0.0179	0.0231	0.7997	-0.0016	-0.0011	0.1434	-0.0117	0.0095	0.0064	0.0235	0.0028	0.0235	0.0057	0.0162	0.0185	0.0026	0.1863	0.034	0.0231	-0.014	-0.0309	0.0189	-0.7382	0.0249	0.0458	0.034	0.751	0.0343	0.0298	0.0293	1.3713	0.6668	0.0368	0.0298	-0.799	0.891	0.7957	0.0229	-0.7382	-0.0013	0.0501	0.043
"TCGA-DY-A1DE"	0.3474	-0.4296	0.0492	0.0359	-0.3483	0.3365	-0.8995	1.197	0.3553	-0.3497	-0.8967	3.32435900900901	0.0456	0.042	0.8299	-0.0255	0.0845	0.3571	0.3721	-0.0236	0.0715	0.2414	-0.4277	0.0984	0.0845	-0.4296	0.2414	-0.3884	-0.4659	0.6053	0.3553	0.0238	0.0528	0.3553	-0.1409	-0.3517	-0.2887	-0.4314	2.4339	0.2339	-0.4296	0.101	-0.4296	0.1115	-0.3182	0.2305	-0.405	0.3289	-0.232	0.0564	0.1411	0.0495	0.4003	-0.4187	-0.405	0.3725	0.0105891555903049	0.0499	0.5056	0.5796	-1.1141	0.3523	-0.4363	0.4299	0.3767	0.0857	0.1326	0.0495	-0.3297	-0.0255	-0.1364
"TCGA-DY-A1DF"	-0.4289	-0.4616	0.298	6e-04	-0.5691	-0.5243	-0.5625	0.4028	-0.5738	-0.5599	-0.0539	0.376	0.3115	-0.463	0.3608	-0.4651	-0.4998	-0.5549	1.4099	-0.5549	0.3828	-0.016	-0.5274	-0.0486	-0.4998	-0.4537	-0.016	-0.5505	-0.031	0.0201	-0.0566	0.7142	0.3026	-0.5738	0.0119	-0.0858	0.3417	-0.0199	-0.4485	0.3164	-0.4485	-0.0975	-0.5256	0.0382	-0.5441	0.014	0.3549	-0.0679	0.0025	0.298	0.0445	-0.5157	-0.4289	0.3889	0.3549	0.7679	-0.4983	-0.4935	0.3752	0.4028	0.3435	-0.5091	0.3887	-1.3186	1.39282564507136	0.7971	0.0151	-0.5157	-0.4283	-0.4651	0.3498
"TCGA-DY-A1DG"	0.7119	0.1033	-0.4436	0.0733	0.0938	0.076	-1.25509862869958	1.0531	0.0741	0.0938	-0.4161	0.1033	-0.0013	-1.2091	0.1286	-1.3059	-0.3944	0.0712	0.5154	0.0744	-0.4284	0.0729	-0.419	-0.4294	-0.3944	0.1033	0.0729	-1.2224	-1.3611	0.4604	0.0943	0.0835	0.0756	0.0741	0.0217	0.3533	0.1032	-0.428	0.1033	0.0953	0.1033	0.083	0.1033	0.0907	0.0938	0.0217	-0.3973	0.0943	0.0938	-0.4436	0.4226	-0.3944	0.0847	0.0973	0.0973	0.0878	0.4458	0.0981	0.0927	0.870340484245439	0.0093	0.4615	0.0929	-0.387	0.5093	0.0835	0.0965	-0.3944	-0.4108	-0.398	0.1072
"TCGA-DY-A1H8"	-0.0081	0.0189	0.0033	8e-04	0.0184	-0.0098	-0.0359	0.5095	-0.0098	-0.0128	-0.0177	-0.0032	0.4535	0.4629	-0.7945	0.4779	0.0151	-0.0098	0.5361	-0.0029	0.0371	-0.0134	0.0183	-0.0062	0.0151	0.0189	-0.0134	-0.0162	-0.7967	0.0207	-0.0066	-0.0104	-0.0321	-0.0098	-0.1514	-0.0025	-0.0031	0.0338	0.0094	-0.8186	0.0094	-0.0403	0.0189	0.0256	0.0184	0.3424	-0.7865	-0.0176	-0.0128	0.0033	0.0207	0.0151	-0.0081	-0.7632	0.0267	-0.0034	0.0146418915560857	0.4637	-0.0027	0.9606	0.0094	0.0187	-0.7673	0.0058	0.5144	-0.0104	0.0368	0.0151	-0.0032	0.4779	-0.0197
"TCGA-AG-3881"	0.1168	-0.1573	0.1826	-0.1785	-0.183	-0.248	-0.7116	0.165	-0.1898	0.1487	-0.2067	-0.1896	0.3933	0.4135	0.165	1.1728	-0.1804	-0.1898	0.1138	-0.1886	0.1524	-0.1697	-0.1813	-0.1985	-0.1804	-0.1573	-0.1697	0.1358	-0.1862	-0.1781	-0.1775	0.1446	0.3534	-0.198	0.2594	-0.1937	0.14	0.4253	-0.164	0.4025	-0.164	0.1528	-0.1573	-0.1624	-0.183	-0.3449	-0.1834	-0.1997	0.1463	0.1826	-0.1781	-0.1804	0.1168	-0.1584	-0.1584	0.1385	0.1696	0.1451	0.4051	0.165	-0.1805	0.1743	-0.1525	1.0207	0.1222	0.1448	-0.1374	-0.1804	-0.1378	0.7646	-0.1862
"TCGA-AG-3902"	-0.0191	0.0063	0.0218	-0.0356	-0.032	-0.0266	-0.2861	0.4786	-0.0264	-0.0402	-0.0327	-0.0296	0.4237	-0.0247	-0.4289	-0.0162	-0.0534	-0.0264	0.2507	-0.0286	-0.0133	-0.0366	-0.4468	-0.0339	-0.0534	0.0063	-0.0366	-0.2793	-0.013	0.0011	-0.0211	-0.002	-0.0388	-0.0298	0.0067	0.2685	0.2007	-0.0277	0.0063	-0.0043	0.0063	-0.029	0.0063	-0.0096	-0.032	0.0067	-0.0277	-0.0292	-0.0433	-0.0133	-0.019	-0.0534	-0.0191	-0.0273	-0.0277	-0.0166	0.3616	-0.0021	-0.0069	0.4786	0.4776	-0.4338	-0.0124	0.2569	0.2506	-0.0252	-0.0093	-0.0534	0.0158	-0.0162	-0.0299
"TCGA-AG-4005"	0.3001	0.0719	-0.3206	0.0052	0.0201	0.0273	-0.3637	0.3068	0.0045	0.0131	-0.0147	0.0531	0.3205	0.0055	0.3038	0.0209	-0.3226	0.0045	1.1878	0.0045	-0.3172	0.0029	-0.3209	-0.0147	-0.3226	0.0719	0.0029	-0.3457	0.0245	-0.3195	0.2774	0.0182	-0.3744	0.0045	0.0081	-0.3535	0.0102	-0.3442	0.0531	0.0169	0.0876	0.3341	0.0719	-0.3298	0.0201	0.0081	0.0415	0.398	0.0149	-0.2972	-0.3014	-0.3226	0.3001	0.0601	0.0415	0.0445	0.0669	0.0016	0.0399	0.3068	-0.3629	0.0525	0.0659	0.0199	1.1831	0.0043	-0.3015	-0.3226	0.0531	0.0209	0.0184
"TCGA-DC-5337"	-0.0055	-0.0212	-0.0259	0.0016	-0.01	-0.0067	-0.1632	0.7651	-0.0067	-0.0085	0.0056	-0.0212	-0.0042	-0.001	0.7651	-0.0171	-0.0115	-0.017	0.0636	-0.017	-0.0218	-6e-04	-0.0237	0.0083	-0.0115	-0.0212	-6e-04	-0.1632	-0.0194	-0.0164	0.0033	0.0083	0.0011	-0.0067	-0.0146	0.0063	-0.0194	-0.0234	-0.0212	-0.0046	-0.0212	0.002	-0.0212	-0.0224	-0.01	-0.0054	-0.0045	0.0015	-0.0111	-0.0271	-0.0164	-0.0115	-0.0055	-0.0045	-0.0045	-0.0028	0.0046	-6e-04	-0.0032	0.7593	-0.0102	-0.0145	-0.6833	0.0011	0.0735	0.0083	-0.0224	-0.0115	-0.0167	-0.0171	0.004
"TCGA-AG-3882"	0.0511	0.2901	-0.117	-0.0035	0.0242	0.0179	-0.374	1.0198	0.0274	0.0479	-0.3246	0.2984	0.0125	0.0439	0.0131	0.03	-0.3204	0.035	0.5718	0.0159	-0.0733	0.1147	0.1704	-0.3246	-0.3204	0.2901	0.1147	-0.3827	-0.8982	0.0513	-0.2199	0.2955	-0.0477	0.0245	0.0324	0.0221	0.033	-0.0076	0.2901	0.2171	0.2901	0.0323	0.2901	0.0335	0.0353	0.043	-0.2292	0.0237	0.01	-0.117	0.0513	-0.3156	0.0875	-0.2501	-0.2292	0.343	0.1716	0.0238	0.3138	1.0198	-0.0047	0.188	-0.2609	-0.254	0.5722	0.655	0.0686	-0.3156	-0.0407	0.03	-0.2406
"TCGA-AF-3913"	0.2569	-0.0854	-0.0647	0.2113	-0.1385	0.273	-0.7571	0.2564	0.1921	-0.1731	-0.203	-0.1279	0.2338	-0.654	0.0634	-0.1283	-0.1107	0.2254	0.4633	0.2254	-0.0859	0.0628	-0.1113	-0.172	-0.1107	-0.0854	0.0628	-0.7273	-0.1391	0.1808	-0.0939	0.4775	0.197	0.1921	0.0251	-0.1655	-0.159	0.3224	-0.0854	-0.0941	-0.0854	0.4622	-0.0854	-0.0686	-0.1386	0.0113	-0.0683	-0.0933	-0.1571	-0.0828	1.1383	-0.0896	0.2643	-0.5927	-0.0683	0.4846	-0.1257	-0.1678	-0.0749	0.8245	-0.0995	-0.1257	-0.0372	0.5192	0.4592	0.4451	-0.11	-0.0896	-0.0738	-0.1283	-0.126
"TCGA-AG-4007"	0.1732	0.1496	-0.0768	0.152	-0.1149	0.1568	-0.5177	0.9042	0.167	-0.1022	-0.1275	0.1496	0.3946	-0.1038	0.1917	-0.1248	-0.1117	0.167	0.335760538333293	0.167	-0.1311	0.1448	-0.5345	0.1641	-0.1117	0.1496	0.1448	-0.5088	-0.1323	-0.1448	-0.1088	0.1786	0.1781	0.141260664324565	-0.215	-0.1238	-0.1274	-0.1476	0.1496	-0.126466771773341	0.1496	-0.125	0.1496	-0.1409	-0.1245	-0.215	-0.1326	-0.1203	-0.122	-0.0768	0.1675	-0.1117	0.1732	-0.1326	-0.1326	0.6029	0.58968344252973	-0.1224	-0.1192	0.9042	0.4429	0.3757	-0.1542	-0.1038	0.4134	0.1527	0.2099	-0.1117	0.2733	-0.1248	-0.1493
"TCGA-AG-3885"	0.0062	0.0051	-0.4492	0.0064	-0.0362	-0.4497	-1.1975	0.3354	-0.4921	-0.0742	0.4849	0.0051	-0.0667	-0.0039	-0.0299	-0.0159	-0.0058	-0.4921	1.0192	-0.4921	-0.4294	0.0041	-0.459	0.4707	-0.0058	0.0051	0.0041	-0.0665	0.2834	0.2842	-0.5072	0.6822	-0.0585	-0.5161	-0.0633	-0.114	-0.0603	-0.1299	0.0051	-0.0345	0.0051	0.2691	0.0051	0.3195	-0.0622	-0.0633	-0.0254	-0.360978415728192	-0.0409	-0.4492	0.2894	0.0142	-0.0185	0.0222	0.0222	0.6883	0.0178	-0.033	0.0042	0.3354	0.005	0.0029	0.0291	-0.0453	0.9941	0.6749	0.3205	0.0142	0.0205	-0.0159	-0.0116
"TCGA-AG-4008"	0.0275	0.0691	0.0128	0.0302	0.0267	0.038	-0.4489	0.7684	0.0194	0.0019	-0.2331	-0.1017	0.5644	0.0756	0.2462	0.0554	-0.3282	0.0194	0.3974	0.0194	-0.0142	0.0139	-0.3966	-0.2412	-0.3282	0.0691	0.0139	-0.4489	-0.1832	0.0467	0.0276	0.0582	0.081	0.0194	0.0362	0.0367	0.0229	-0.2872	0.053	-0.0094	0.053	0.0255	0.0691	0.0577	0.0267	0.0362	-0.0156	0.0276	0.0093	0.0022	0.0604	-0.3282	0.0168	0.008	0.0021	0.0744	0.1015	0.0742	0.0065	0.7881	-0.1778	0.0955	0.008	-0.0127	0.3859	0.055	0.0666	-0.3282	-0.1017	0.0554	0.0109
"TCGA-AG-4015"	0.1406	0.4284	0.1435	0.0983	-0.3585	0.1086	-0.3408	1.1545	0.0956	-0.3288	-0.3369	-0.3581	0.4329	-0.9667	0.0957	-0.6594	-0.336	0.0956	0.6544	0.0956	-0.2585	0.1102	-0.3751	-0.3278	-0.336	0.4284	0.1102	-0.3346	-0.3568	0.0948	0.1196	0.1083	0.1292	0.0956	0.0189	-0.2987	0.4033	-0.3464	0.4284	0.09	0.4284	0.121	0.4284	0.0854	-0.3349	0.0189	-0.2529	0.104	-0.3288	0.1435	0.1063	-0.336	0.1575	-0.2779	0.1018	0.7275	0.0888	-0.071	0.1024	1.1545	-0.3584	0.1051	-0.3138	0.7237	0.6716	0.1216	0.1158	-0.336	-0.3581	-0.5466	0.1172
"TCGA-AG-3893"	0.0183	0.0442	0.0842	0.0044	0.0086	0.0234	-0.5325	0.7148	-0.0045	-0.0088	-0.0222	0.027	-0.0022	0.0117	-0.0042	0.0117	-0.4925	-0.0045	0.7101	0.0034	0.0817	-0.0014	-0.5269	-0.0095	-0.4925	0.0442	-0.0014	-0.5282	0.018	0.0279	-0.036	0.2463	-0.0158	-0.0045	-0.1687	0.274	0.0104	-0.2091	0.0371	-0.0019	0.0371	0.0294	0.0442	0.0324	0.0086	-0.2166	0.0267	-0.036	-0.0088	0.0233	0.0108	-0.4322	0.0183	-0.0985	0.0267	0.3824	0.0311	0.014	0.0228	0.7148	0.9113	0.0799	-0.0354	0.0164	0.7101	0.222	0.0193	-0.4322	0.027	0.0117	0.0181
"TCGA-AG-4021"	-0.4598	0.107	-0.6398	0.1352	0.1879	0.1369	-0.5796	0.1188	0.1518	0.1653	-0.4972	0.0972	0.881	-0.5643	0.1593	-0.5963	0.1487	0.1475	0.0043	0.1425	-0.6422	0.1544	-0.6397	-0.4972	0.1487	0.107	0.1544	-0.5542	0.5227	0.142	0.0527	0.1542	0.1661	0.1517	-0.1735	-1.035192309829	0.1296	0.1422	0.0972	0.2113	0.0972	0.1657	0.107	0.117	-0.5807	-0.1735	0.1692	-0.6142	0.1617	-0.5857	0.1074	0.1423	-0.4598	0.1171	0.149	0.1484	0.1102	0.1595	0.1444	0.1188	-0.6017	0.0754	0.1284	-0.5753	0.0404	0.1709	0.1372	0.1423	0.0938	-0.6206	-0.4434
"TCGA-AG-3896"	0.2299	0.2207	-0.1221	0.2022	-0.1316	-0.1346	-0.6364	0.3987	-0.1422	-0.1398	-0.1571	0.2115	0.1958	0.1766	0.0935	0.1889	-0.1223	-0.1422	0.8773	-0.1422	-0.1128	-0.1508	-0.1285	-0.148	-0.1223	0.2207	-0.1508	-0.6364	-0.1461	0.0096	0.2204	0.2161	0.1409	-0.1422	0.0209	0.195	-0.1462	-0.1332	0.1974	-0.1389	0.2207	0.2057	0.2207	0.0185	-0.1316	0.0209	-0.1244	0.2079	-0.1503	-0.1221	0.0896	-0.1095	0.2299	-0.1152	-0.1152	0.2064	-0.1278	0.0996	-0.132	0.4716	0.4563	-0.1211	-0.1133	0.235	0.8665	0.2471	0.0896	-0.1095	0.2115	0.1889	-0.1305
"TCGA-AG-4022"	0.1374	-0.111	-0.1131	0.102	-0.1144	-0.1249	-0.6447	1.011	-0.1249	-0.112	-0.1172	-0.1234	0.2567	-0.1119	-0.7035	0.1661	-0.1057	-0.1144	1.0411	-0.1459	-0.0991	0.0936	-0.1182	-0.1217	-0.1057	-0.111	0.0936	-0.639	-0.1995	0.1674	-0.1122	0.5631	0.1138	-0.1249	0.0405	-0.1308	-0.1194	-0.1192	-0.0945	-0.1249	-0.0821	-0.1138	-0.111	0.1114	-0.1035	0.0405	-0.0983	-0.1122	-0.1156	-0.0991	0.2983	-0.1046	0.1374	-0.0805	-0.0983	0.5155	-0.1182	-0.0912	-0.0876	1.011	0.2567	-0.1094	-0.1071	-0.1142	1.0567	0.5485	0.2239	-0.1046	-0.0853	0.1661	-0.0974
"TCGA-DC-5869"	0.3231	-0.1241	-0.0263	0.1747	-0.0142	0.2088	-0.6552	0.8681	0.1782	-0.0151	-0.2581	-0.1507	0.2471	-0.0743	0.8801	-0.0855	-0.2483	0.1892	0.296044685863539	0.1892	-0.1187	0.1754	-0.0679	-0.2581	-0.2483	-0.1241	0.1754	-0.6552	-0.0479	0.072	0.2052	0.2112	0.2963	0.1782	0.0289	-0.2561	-0.042	-0.2927	-0.1507	-0.174	-0.1241	0.1758	-0.1241	0.0745	-0.023	0.0289	-0.2586	0.1818	-0.0481	-0.0168	0.0816	-0.2483	0.3061	-0.2586	-0.2586	0.202	-0.0478	-0.0708	-0.1329	0.8681	-0.1763	-0.0532	-0.2789	-0.0954	0.2941	0.204	0.0745	-0.2483	-0.1241	-0.0855	-0.2647
"TCGA-CL-5918"	-0.0187	0.0142	-0.0817	0.1839	-0.0297	-0.0199	-0.6074	1.0477	-0.0199	-0.0164	-0.6398	-0.0081	0.3642	-0.0323	-0.0399	-0.0484	-0.4031	-0.0199	0.3773	-0.0199	-0.0118	0.1847	-0.6242	-0.0072	-0.4031	0.0142	0.1847	-0.6307	-0.0648	-0.0029	0.036	0.3905	-0.0228	-0.0199	0.0136	-0.0167	-0.0193	-0.5711	0.0142	-0.0175	0.0142	0.015	0.0142	-0.0177	-0.0297	0.0136	-0.0643	0.0251	-0.0193	-0.0817	-0.0177	-0.4031	-0.0187	-7e-04	-0.0643	0.3987	0.0122	-0.0363	0.0016	1.0294	0.3141	0.0063	-0.011	-0.0037	0.3773	0.3905	-0.0177	-0.4031	0.1108	-0.043	-0.0937
"TCGA-F5-6464"	-0.1135	-0.1051	-0.1817	0.192	-0.1135	-0.1143	0.1789	0.4261	-0.1235	-0.1276	0.0171	-0.1023	0.4168	-0.1132	0.4134	-0.1239	0.0191	-0.1235	0.4596	-0.1235	-0.0898	0.154	-0.5335	-0.3219	0.0191	-0.1051	0.154	0.1867	-0.1793	-0.1113	-0.112	0.4514	-0.1239	-0.1235	-0.0476	-0.1555	-0.1169	-0.1165	-0.0859	0.2838	-0.0859	-0.1188	-0.1051	-0.1199	-0.1089	-0.0476	-0.1178	-0.1153	-0.1478	-0.1421	-0.1162	0.038	-0.1135	-0.0911	-0.1013	0.3923	-0.1087	-0.1085	0.3141	0.4261	-0.1431	-0.0961	-0.1066	0.1685	0.4557	0.4304	-0.1321	0.038	-0.1023	-0.1239	-0.1053
"TCGA-DC-6155"	0.1696	0.1656	-0.3164	0.124	-0.249	-0.2304	-0.247	0.4566	-0.2304	-0.2211	-0.2317	0.1605	0.4731	-0.2131	0.4641	-0.2379	-0.2168	-0.2304	0.1547	-0.2304	-0.188	0.1358	-0.2429	-0.2601	-0.2168	0.1656	0.1358	-0.2375	-0.2332	0.1321	0.1514	0.1296	0.1382	-0.2304	-0.0233	0.128	-0.2479	-0.2295	0.1656	0.2706	0.1656	0.1114	0.1656	0.0901	-0.2087	0.009	0.0253	0.1507	-0.2503	-0.3164	0.1395	-0.2168	0.1696	0.0424	0.0424	0.098	-0.1934	-0.1964	0.2804	0.4566	-0.1888	-0.2132	0.0476	0.1448	0.164	0.1216	0.0541	-0.2168	-0.2105	-0.2131	0.0404
"TCGA-F5-6465"	0.2864	-0.0492	-0.118	0.247	-0.089	-0.0769	-0.3524	0.5604	-0.096	-0.0791	-0.6016	-0.0645	0.2774	-0.0787	0.5589	-0.1001	-0.200548861597352	-0.096	0.2759	-0.096	-0.0843	0.2448	-0.5984	-0.0865	-0.0793	-0.0492	0.2448	-0.3524	-0.0859	-0.083611382432001	-0.0746	-0.0691	0.2741	-0.096	0.1704	-0.0771	-0.0858	-0.0824	-0.0482	-0.0567	-0.0492	-0.0752	-0.0492	0.2869	-0.089	-0.2028	-0.0558	-0.0746	-0.0847	-0.118	0.289	-0.0795	0.2864	-0.0471	-0.0558	-0.068	-0.0513	-0.0648	-0.0483	0.5604	0.2849	-0.075	-0.071	-0.0757	0.2834	-0.0709	0.2804	-0.0795	-0.0557	-0.1001	-0.0548
"TCGA-DC-6156"	0.1476	-0.048	-0.0905	0.1362	-0.075	-0.0437	-0.6201	0.2704	0.2135	-0.0753	-0.3238	-0.0407	0.2289	-0.0903	0.2882	-0.3239	-0.0857	0.2135	1.0152	0.2135	-0.0532	0.1323	-0.282	-0.2458	-0.0857	-0.048	0.1323	-0.3086	-0.0648	-0.046	-0.0911	0.2562	0.1023	0.2135	0.0802	-0.321	-0.308	-0.0973	-0.0291	0.0936	-0.048	0.2859	-0.048	-0.0314	-0.075	-0.1446	0.1217	-0.0881	-0.0988	-0.0905	-0.0314	-0.0783	0.1476	-0.2979	0.1217	0.2532	-0.0338	-0.0903	0.1164	0.6643	0.1052	-0.0998	-0.306	-0.0684	-0.3086	0.2339	-0.0314	-0.0783	-0.0407	-0.3239	0.1026
"TCGA-AF-6136"	0.268	0.037	-0.3301	0.2126	-0.0452	-0.2495	-0.6854	0.3343	-0.2709	-0.0452	-0.2422	0.039	0.0349	-0.3323	0.0446	-0.3323	0.0459	-0.2709	0.7201	-0.2709	-0.2681	0.2131	-0.2532	-0.2175	0.0459	0.037	0.2131	0.2528	-0.2535	0.2751	0.0431	0.2554	0.2609	-0.2709	0.0192	-0.2602	-0.0417	0.2528	0.039	0.1931	0.039	0.0398	0.037	0.2608	-0.0452	0.0192	-0.2211	0.0391	-0.0452	-0.3301	0.2564	0.016	0.268	-0.2257	-0.2211	0.2814	-0.2532	-0.1203	0.194	0.3343	-0.1671	-0.2532	-0.2257	0.2003	0.7201	0.2554	0.2608	0.016	0.04	-0.3323	-0.1139
"TCGA-BM-6198"	0.2247	0.2022	-0.2956	0.1821	-0.2795	-0.283	-0.3545	0.225	-0.2749	0.2434	-0.2867	0.2228	0.2218	0.1558	0.2261	0.2027	-0.2758	-0.2843	0.1786	-0.2843	-0.2828	0.2122	-0.2972	-0.2869	-0.2758	0.2022	0.2122	-0.2816	0.0483	0.1813	0.2511	0.1018	0.2229	-0.2749	-0.0166	-0.2714	0.2107	-0.2917	0.2022	0.5648	0.2022	0.0272	0.2022	0.175	-0.482606448315105	-0.0166	-0.2825	-0.2852	0.2303	-0.3058	0.1732	-0.2848	0.2247	-0.2915	-0.2825	0.2125	-0.296	0.091	0.5851	0.225	-0.2911	-0.2883	-0.207	0.2311	0.1759	0.1018	0.184	-0.2848	0.1452	0.2027	-0.2939
"TCGA-EI-6506"	0.1866	0.2792	-0.161	0.0141	0.0195	0.0175	-0.3659	0.5325	0.0221	0.0324	-0.1456	0.1399	0.0183	0.0304	0.5546	0.008	0.0235	0.0117	0.3172	0.0117	-0.1793	0.0169	0.0047	-0.1441	0.0235	0.6504	0.0169	-0.3659	-0.1682	0.0115	0.0266	-0.0306	0.0159	0.0221	0.0204	0.0287	0.0098	-0.38	0.2634	0.1868	0.2634	0.0251	0.2792	0.0055	0.0195	0.0204	-0.1466	0.0266	0.02	-0.2047	0.0055	0.0235	0.1866	-0.1635	-0.1635	0.0012	0.0047	0.015	0.183	0.5325	0.0054	0.0172	-0.1671	0.0311	0.3181	-0.0306	0.0055	0.0235	0.1421	0.008	-0.1633
"TCGA-DC-6157"	0.0517	0.1367	-0.1087	0.127	-0.3792	0.2316	-0.3079	1.1589	0.2341	-0.3792	-0.1999	0.1367	0.2467	-0.0148	-0.0087	-0.0541	-0.3574	0.2341	0.3778	0.2341	-0.0168	0.1349	-0.0225	-0.2066	-0.3574	0.1367	0.1349	-0.3147	-0.0217	-0.0243	-0.0016	0.4695	0.2557	0.2341	-0.0132	-0.1531	-0.3763	-0.4208	0.1367	-0.1608	0.1367	-0.0122	0.1367	-0.0273	-0.3792	-0.0132	-0.289	-0.0016	-0.3792	-0.1087	-0.0514	-0.3574	0.1926	-0.289	-0.289	0.418	-0.0039	-0.031	-0.1586	0.7984	0.2494	-0.0201	-0.1815	0.1573	0.3778	0.4657	-0.071	-0.3574	0.1367	-0.0541	-0.1781
"TCGA-EI-6507"	-0.013	-0.0203	-0.0153	-0.0103	-0.0126	-0.0093	-0.0086	-0.0075	-0.0093	-0.0068	-0.0072	-0.0203	-0.0167	0.3298	-0.0075	0.3384	-0.0086	-0.0093	-0.015	-0.0093	-0.0186	-0.0085	-0.0171	-0.0037	-0.0086	-0.0203	-0.0085	-0.0086	-0.0155	-0.014	-0.0096	-0.003	-0.0111	-0.0093	0.0084	-0.0096	-0.0234	-0.0077	-0.0203	-0.0106	-0.0203	-0.008	-0.0203	-0.017	-0.0126	0.0084	-0.0056	-0.0096	-0.0188	-0.0186	-0.0042	-0.0086	-0.0036	-0.0129	-0.0129	-0.0188	-0.0097	0.325	-0.0117	-0.0075	-0.0086	-0.0157	-0.0131	0.0056	-0.015	-0.0047	-0.0121	-0.0086	-0.0234	0.3384	-0.0162
"TCGA-DC-6158"	0.0926	0.0972	-0.2611	0.0892	0.0817	-0.2139	-0.6453	0.7698	-0.2223	0.0864	-0.2276	0.0742	0.5581	-0.13	-0.2316	-0.1354	-0.068	-0.2417	0.3878	-0.2417	-0.2276	0.0857	-0.2271	-0.2362	-0.068	0.0972	0.0857	-0.6453	-0.0028	0.0571	0.0661	0.341	0.0763	-0.2223	0.0271	-0.2247	0.0766	-0.2285	0.0972	0.0686	0.0972	0.0527	0.0972	0.0495	0.0817	0.0271	0.1078	0.0661	0.055	-0.2611	0.0495	-0.0064	0.0926	0.1078	0.1078	0.3632	-0.2041	-0.1249	0.1011	0.7618	-0.6664	-0.2129	0.1051	-0.2143	0.4976	0.341	0.0495	-0.0064	0.1055	-0.1354	0.098
"TCGA-G5-6233"	0.1481	-0.1797	-0.1707	0.1343	-0.0043	-0.0368	-0.3317	0.4938	-0.0557	-0.0043	-0.1367	-0.1704	0.2531	0.4099	0.3708	0.394	-0.1758	-0.0696	0.9745	-0.0696	-0.19	0.1437	-0.176	-0.1367	-0.1758	-0.1704	0.1437	-0.1807	-0.1777	-0.1704	-0.1763	-0.0535	-0.2086	-0.0557	0.002	-0.1827	0.0034	-0.187	-0.1704	-0.0433	-0.1704	-0.1694	-0.1797	-0.1747	-0.0043	0.002	-0.0349	-0.1784	-0.0098	-0.1707	-0.1848	-0.1706	0.1481	-0.0795	-0.0349	0.1969	-0.1761	0.4053	0.1462	0.4938	0.1347	0.0431	-0.0351	0.1792	0.8133	-0.0496	-0.1848	-0.1706	-0.1704	0.394	-0.1794
"TCGA-EI-6508"	0.1004	0.0769	0.052	0.0598	0.1001	0.0803	-0.6857	0.4659	0.1137	0.0953	0.083	0.0512	0.0682	-0.6259	0.4879	0.069	0.0973	-0.6972	0.5284	0.0465	0.0423	0.074	-0.6324	-0.6932	0.0973	0.0769	0.074	0.0534	-0.6807	0.0548	0.1459	0.0884	0.0903	0.0759	0.019	0.0846	0.0616	0.0662	0.0769	0.0681	0.0769	0.1334	0.0769	0.0543	0.0848	0.019	0.0746	0.1302	0.0538	0.0575663737322983	0.056	0.094	0.1004	0.073	0.0746	0.5297	0.1168	0.0885	0.077	0.4659	0.0714	-0.6808	0.0449	0.0967	-0.6446	0.1017	0.0543	0.094	0.0512	0.069	0.0789
"TCGA-EF-5831"	0.0284	0.0901	-0.2702	0.2517	-0.3155	-0.2628	-0.3283	0.6691	0.0081	0.0157	0.0027	0.0259	-0.0016	0.0026	-0.3233	0.0421	-0.3123	0.0081	0.753	0.0081	-0.3142	0.1952	-0.3312	0.0055	-0.3123	0.0901	0.1952	-0.3228	0.0967	0.0591	0.3041	0.0301	0.0137	0.0081	0.0144	-0.3126	0.0222	-0.033	0.0259	-0.0067	0.0684	0.2812	0.0901	-0.2148	-0.3155	0.0144	0.0355	0.2787	0.0157	-0.1835	0.0591	-0.3089	0.0284	-0.2843	0.0355	0.4735	-0.2895	-0.0208	0.0366	0.6691	0.0439	-0.285	-0.277	0.6059	0.0507	0.0163	0.0912	-0.3089	0.056	0.0421	0.0144
"TCGA-DC-6160"	0.116	0.0902	-0.4349	0.096	-0.3931	-0.3897	-0.3779	0.4261	-0.3897	0.0846	0.1126	0.0676	0.0804	0.1049	0.1092	0.1001	0.1144	-0.3897	0.2907	-0.3897	-0.4036	0.0937	-0.4061	0.1047	0.1144	0.0902	0.0937	-0.3779	0.0937	0.0894	0.1041	0.1062	0.1024	-0.3897	-0.0058	-0.3588	0.0816	0.0975	0.0796	0.0827	0.0796	0.0965	0.0902	0.0711	0.0846	0.0261	-0.3601	0.0929	0.0846	-0.3636	0.082	0.1144	0.116	-0.3976	-0.3779	0.0922	0.104	0.099	0.1135	0.4293	0.1002	0.1061	-0.3924	0.1131	0.2907	0.1062	0.1058	0.1144	0.0676	0.1001	-0.3894
"TCGA-G5-6235"	4e-04	-0.031	-0.0603	-0.0269	-0.0586	-0.0296	-0.3064	0.4121	-0.0314	-0.0392	-0.0425	-0.0348	0.286	-0.0275	0.3382	-0.0358	-0.0233	-0.0389	0.5138	-0.0389	-0.0475	-0.0225	-0.3157	-0.0384	-0.0233	-0.031	-0.0225	-0.3064	-0.0759	-0.0326	-0.0381	0.193	-0.0323	-0.0314	-0.0979	-0.0411	-0.0569	-0.2592	-0.031	-0.0229	-0.031	-0.0421	-0.031	-0.0475	-0.0478	0.1372	-0.0411	-0.0381	-0.0633	-0.1009	-0.0413	-0.0153	-0.0297	-0.052	-0.0479	0.1877	0.1808	-0.0275	-0.0173	0.4121	-0.0028	0.1693	-0.0799	-0.0306	0.4065	0.1936	-0.039	-0.0153	-0.0348	-0.0358	-0.016
"TCGA-EI-6509"	0.076	4e-04	0.0613	0.0655	-0.0608	-0.6808	-0.6968	0.5647	-0.7095	0.0132	0.0636	4e-04	0.5406	-0.0351	0.5676	-0.0484	0.07	-0.7095	1.1451	-0.7095	0.0783	0.0718	-0.7053	0.0785	0.07	4e-04	0.0718	-0.6862	0.0792	0.0818	0.0853	0.082	0.0777	-0.7095	0.0153	-0.6972	-0.004	-0.0055	4e-04	0.0934	4e-04	0.081	4e-04	0.0817	-0.0608	0.0153	0.0268	0.0855	-0.0109	0.0617	0.069	0.0796	0.088	0.0345	0.0268	0.0483	3.8536	-0.0437	0.1162	0.5647	0.5329	-0.677	0.0359	-0.0513	1.09235878973726	0.079	0.091	0.0796	-0.6572	-0.0484	-0.6778
"TCGA-EF-5830"	0.126	-0.5911	0.0649	0.0499	0.0583	0.04	-0.663	0.54	0.04	-0.6741	-0.0064	0.0847	0.6003	-0.0083	0.0648	0.0278	-0.6363	0.04	0.5104	0.04	0.0512	0.0237	-0.6244	-0.0064	-0.6363	-0.5925	0.0237	-0.663	0.5818	0.0648	0.0511	0.4551	0.0193	0.04	0.0098	-0.0193	0.0683	0.0577	0.0847	-0.1418	0.0847	0.0228	-0.5911	0.1313	-0.3916	0.0098	-0.1148	0.0511	0.0643	0.0286	0.0822	-0.6363	0.0741	-0.0536	-0.0536	0.4739	-0.5919	0.0576	-0.1097	0.54	0.3049	0.0359	-0.0301	-0.1156	0.4866	0.4287	0.0661	-0.6363	0.1293	0.0278	-0.0942
"TCGA-EI-6510"	-0.0839	-0.0568	-0.12	-0.0873	-0.1022	-0.1105	-0.3145	0.3606	-0.1105	-0.1021	-0.0835	-0.0986	-0.1085	0.252	0.3575	0.262	-0.0763	-0.1106	0.3868	0.3039	-0.1081	-0.08	-0.2843	-0.0776	-0.0763	-0.0568	-0.08	-0.2443	-0.1211	-0.0872	0.6983	0.3481	-0.1094	-0.1105	0.1424	-0.1201	-0.0693	-0.1241	-0.07	-0.0937	-0.07	0.3552	-0.0568	-0.0894	-0.1009	0.1424	-0.1064	0.699718501346096	-0.1129	-0.12	-0.0801	-0.0763	-0.0839	-0.0935	-0.1064	0.3695	0.0459	0.2513	-0.0678	0.3606	-0.1389	0.0471	-0.101	-0.0755	0.3815	0.3481	-0.0821	-0.0763	-0.0797	0.262	-0.0967
"TCGA-EI-6511"	-0.3684	-0.4794	-0.0152	0.0112	0.0158	0.0263	-0.5292	0.9038	1e-04	-0.0018	-0.021	0.0407	0.3512	0.0125	-0.5076	0.0252	-0.4685	1e-04	0.3863	1e-04	0.0614	-0.0035	0.0443	-0.0205	-0.4685	-0.4794	-0.0035	-0.5292	-0.5096	0.0465	0.0011	0.6283	0.2786	1e-04	0.0369	-0.0784	0.024	-0.4933	-0.4794	0.0082	-0.4794	0.0016	-0.4794	0.041	0.0158	0.0369	-0.5013	0.0095	-0.0028	-0.0152	-0.5518	-0.4421	-0.3684	-0.5013	-0.5013	0.3338	0.0397	0.0147	0.0214	0.9115	0.3945	0.0476	-0.4882	0.0225	0.3916	0.6258	0.041	-0.4421	0.0694	0.0252	-0.5218
"TCGA-G5-6572"	-0.0277	-0.0275	-0.0816	0.2703	-0.6387	-0.0585	-0.6444	0.8182	-0.0585	-0.6354	-0.0701	-0.0389	0.2898	-0.0637	0.3299	-0.0499	-0.0491	-0.0585	0.3124	-0.0523	-0.0453	0.2762	-0.0235	-0.0653	-0.0491	-0.0275	0.2762	-0.6405	-0.0873	-0.0309	-0.0485	0.31	-0.0668	-0.0585	0.0015	-0.0747	-0.04	-0.0496	-0.027	0.3237	-0.0275	-0.0613	-0.0275	-0.0278	-0.6387	0.0015	-0.6191	-0.0485	-0.043	-0.0816	-0.0334	-0.0302	-0.0277	-0.5916	-0.6191	0.3188	-0.0266	-0.0624	0.3239	0.8182	0.3148	-0.0345	-0.6068	-0.0436	0.321	0.3118	-0.0232	-0.0302	-0.0389	-0.0499	-0.639
"TCGA-CI-6621"	0.3093	0.1241	-0.0131	0.0967	-0.0432	0.0627	-0.3017	0.6593	0.0627	-0.0432	-0.1307	0.1263	0.3069	0.0051	0.1455	0.0051	-0.2471	0.0627	0.1606	0.0627	0.1067	0.0984	-0.3158	0.0673	-0.2471	0.1241	0.0984	-0.3014	-0.0801	-0.0239	-0.0211	0.041	-0.0457	0.0627	-0.0071	-0.2956	-0.0516	0.0336	0.1253	0.156	0.1253	-0.0252	0.1241	-0.0239	-0.0432	-0.0071	-0.2882	-0.0211	-0.0666	0.1896	-0.0239	-0.2471	0.3093	-0.3109	-0.3109	0.644	0.1543	2e-04	0.158	0.6593	-0.3414	0.1543	-0.321	-0.0302	0.1606	0.0318	-0.0239	-0.2471	0.1263	0.0051	-0.3037
"TCGA-G5-6641"	0.1143	-0.0233	-0.3882	0.0375	-0.1395	-0.0332	-0.5005	0.2953	-0.0514	-0.146	-0.5247	-0.0218	0.443	-0.2407	-0.2275	1.4531	-0.2395	-0.0514	0.1388	-0.0514	-0.3916	-0.0979	0.1454	0.0168	-0.2395	-0.0233	-0.0979	-0.5018	-0.2334	-0.0137	0.2302	0.1308	-0.1809	-0.0514	0.0214	-0.1053	-0.0908	-0.1342	-0.0233	0.2552	-0.0233	-0.0741	-0.0233	-0.012	-0.1396	-0.0398	0.0275	0.2411	-0.1221	-0.3882	-0.0197	-0.2238	0.1143	-0.4856	0.4053	0.1392	0.0761	0.2489	0.1363	0.2953	-0.2626	-0.0165	-0.4959	0.1355	0.2328	0.1215	-0.0063	-0.2238	-0.0218	0.0123	0.1177
"TCGA-EI-6512"	0.25	0.1781	-0.1572	-0.0637	-0.0564	-0.0616	-0.4509	1.1027	-0.062	-0.044	-0.0333	0.1781	-0.0575	0.2352	-0.4754	0.2132	-0.0777	-0.062	0.4684	-0.0686	-0.1306	-0.0511	-0.147	-0.0499	-0.0777	0.1781	-0.0511	-0.4329	-0.4671	0.2398	-0.4518	0.2372	0.2427	-0.062	0.0188	-0.0407	-0.0691	0.1623	0.1781	-0.0578	0.1781	-0.0369	0.1781	0.2129	-0.0564	0.029	-0.0499	-0.4518	-0.0609	-0.1572	0.2193	-0.0698	0.25	-0.0499	-0.0499	0.1977	-0.1325	0.2193	-0.0547	1.1107	-0.0662	-0.1394	-0.0814	-0.0472	0.4621	0.2603	0.2448	-0.0698	0.1781	0.2132	-0.0575
"TCGA-AH-6643"	0.0104	-0.0075	-0.0139	-0.0167	0.0163	-0.3495	-0.3457	0.3089	-0.355	0.0255	0.115	-0.0075	0.3107	0.003	0.3348	0.0014	-0.2387	-0.355	0.3087	-0.355	0.0217	0.0836	-0.3502	0.1065	-0.2387	-0.0075	0.0836	-0.3433	-0.2358	0.0179	0.0163	0.1992	0.2807	-0.355	0.0126	-0.3575	0.0183	-0.0465	-0.0075	0.6103	-0.0075	0.0123	-0.0075	0.0174	0.0139	0.0126	-0.3587	0.0149	0.013	-0.0139	0.0179	-0.2387	0.0104	-0.3629	-0.3629	0.2082	1.63372146730789	-0.0078	0.6212	0.3089	0.306	0.4284	-0.3659	0.2948	0.3087	0.1992	0.0179	-0.2387	0.0038	0.0014	-0.3502
"TCGA-EI-6513"	0.1063	0.0711	0.0905	0.0905	0.1048	0.1033	-0.6729	0.852	0.1033	0.1154	-0.66	0.0567	0.585	0.1208	0.0933	0.0808	0.1524	0.1033	0.5808	0.0686	0.0692	0.0974	-0.7298	-0.6696	0.1524	0.0711	0.0974	-0.6538	-0.155	0.092	0.1381	0.1089	0.1229	0.1033	0.0556	-0.6429	0.0779	-0.6521	0.0711	0.1094	0.0711	0.1184	0.0711	0.0786	-0.6479	0.0556	0.1032	0.1112	0.0518	0.0905	0.092	0.1394	0.1063	0.0709	0.1032	0.9062	0.0793	0.1044	0.0923	0.852	0.1004	0.0861	0.0596	0.1141	0.5808	0.136	0.1114	0.1394	-0.7125	0.0808	0.0895
"TCGA-AH-6644"	0.2034	-0.064	-0.4694	-0.0838	-0.0895	-0.0824	-0.4273	0.5794	-0.1145	-0.0939	0.1554	-0.064	0.367	-0.1052	0.5794	-0.085	-0.0785	-0.4507	0.3784	-0.4507	-0.4238	-0.0941	-0.427	0.1718	-0.0785	-0.064	-0.0941	-0.4238	0.1916	-0.3494	-0.0884	0.3994	-0.4645	-0.1145	0.0257	-0.1122	-0.0882	-0.0799	-0.064	0.3798	-0.064	-0.1004	-0.064	0.3429	-0.0895	0.0257	-0.0755	-0.0884	-0.1027	-0.4657	0.4536	-0.0686	0.1799	-0.4167	-0.0755	0.38	-0.0675	-0.1039	0.388	0.5794	0.1752	-0.0746	-0.4167	0.1741	0.376	0.3541	0.4132	-0.0686	-0.064	-0.085	-0.0786
"TCGA-EI-6514"	-0.0313	0.2186	-0.1497	0.1752	-0.1735	0.1524	-0.5391	1.0714	0.1524	-0.1776	0.1958	0.2186	0.0567	-0.1545	-0.5468	-0.1262	-0.5122	0.1566	0.8597	-0.1654	-0.1179	0.1716	-0.5373	0.2014	-0.5122	0.2186	0.1716	-0.5421	-0.1115	0.2184	0.2749	0.5954	-0.0487	0.1524	0.0192	-0.0866	-0.1596	-0.5359	0.2186	-0.1042	0.2186	-0.0974	0.2186	0.1679	-0.1776	0.0192	-0.0702	-0.604758585745688	-0.1888	-0.1497	0.2236	-0.5122	-0.0313	-0.0591	-0.0702	0.6045	0.2368	-0.165	-0.0745	1.0376	0.0443	0.2368	-0.0648	-0.4225	0.8662	0.5909	0.2236	-0.5122	0.2186	-0.1262	-0.0804
"TCGA-F5-6571"	0.1186	0.0097	0.0735	-0.0967	0.0451	0.0867	-0.5423	0.9915	0.0904	0.0451	0.1359	0.0097	0.5237	0.0644	-0.5242	0.05	-0.5036	0.0904	1.0749	0.0904	0.0735	-0.0956	-0.5359	0.1222	-0.4896	0.0097	-0.0956	-0.5132	-0.1344	0.1177	0.123	0.1673	0.1627	0.0904	-0.0602	-0.3488	0.2012	-0.5227	0.0097	0.1047	0.0097	0.143	0.0097	0.1048	0.0451	-0.0602	0.0937	0.123	0.049	0.0735	0.0948	-0.5036	0.1525	0.0937	0.0937	0.1768	0.063	0.0573	0.1043	0.9915	0.1194	0.0674	0.0937	0.1069	1.0658	0.1702	0.1048	-0.5036	0.0012	0.05	0.1116
"TCGA-F5-6702"	0.1609	-0.0751	-0.0926	0.037	-0.1005	0.0726	-0.3056	0.5988	0.0607	-0.1063	-0.2917	-0.0869	0.4356	-0.0906	-0.3078	-0.0946	-0.0941	0.0607	0.4525	0.0607	-0.0873	0.0363	-0.2254	-0.3028	-0.0941	-0.0751	0.0363	-0.3056	0.0554	0.2114	0.1335	0.214	0.1486	0.0607	0.0134	-0.2696	-0.075	1e-04	-0.0769	-0.0876	-0.0769	0.1291	-0.0751	0.2095	-0.1044	0.0055	-0.0808	0.1335	-0.1063	-0.0675163609142834	0.2114	-0.0941	0.1609	-0.0808	-0.0808	0.214	-0.216	-0.0873	-0.0826	0.5988	0.431	0.0816	-0.0886	0.1584	0.3787	0.214	0.2114	-0.0941	-0.0869	-0.0946	-0.0704
"TCGA-F5-6810"	0.1942	-0.043	-0.4732	-0.0186	-0.084	0.168	-0.4788	0.6383	0.1534	-0.0954	-0.0531	-0.0783	0.1343	-0.0758	0.6466	-0.0782	-0.0677	0.1534	0.4764	0.1547	-0.4732	-0.0115	-0.4748	-0.0449	-0.0677	-0.043	-0.0115	-0.4667	-1.1468	0.1832	-0.1187	0.4326	0.1799	0.1541	-0.0315	-0.1887	-0.0962	-0.4853	-0.043	-0.0944	-0.043	0.1565	-0.043	0.4503	-0.084	-0.0315	-0.0728	-0.1187	-0.0954	-0.4732	0.4286	-0.0677	0.1942	-0.0626	-0.0623	0.3777	-0.0074	-0.0829	0.2121	0.6383	-0.1459	-0.0125	-0.0626	0.1967	0.4764	0.4104	0.4451	-0.0677	-0.4369	-0.0782	-0.0696
"TCGA-F5-6811"	0.023	-0.0123	-0.0933	0.0132	-0.0186	0.1409	-0.3676	0.904	0.1409	-0.0154	-0.3822	-0.0324	0.0792	0.0063	0.9271	-0.0085	-0.3201	0.1409	0.4115	0.1409	-0.0519	-0.024	-0.0306	0.2368	-0.3201	-0.0123	-0.024	-0.3669	-0.0421	-0.3624	0.1684	0.4731	0.0324	0.1409	0.0139	-0.3516	-0.0154	-0.3777	-0.0123	-0.0601	-0.0123	0.1626	-0.0123	-0.3846	-0.0186	0.0139	-0.3541	0.1684	-0.0154	-0.0519	-0.3758	-0.322	0.023	-0.3644	-0.3541	0.4331	0.2515	-0.0027	-0.0381	0.904	-0.0486	0.2603	-0.3727	-0.0284	0.421	0.4731	-0.4341	-0.3062	-0.0225	-0.0085	-0.3551
"TCGA-AH-6549"	0.0026	0.0023	0.0135	0.0087	0.0025	0.0052	-0.0128891147857921	0.0054	0.0096	0.0052	0.0069	0.0023	0.0019	0.0046	0.0101	0.0016	0.0138	0.0096	0.0015	0.0096	0.0031	8e-04	0.0038	0.0069	0.0138	0.0023	8e-04	0.006	0.0072	7e-04	0.0063	0.0041	0.0014	0.0096	0.0027	0.0043	0.0023	0.0015	0.0023	0.0076	0.0023	-0.0036	0.0023	0.0125	0.0025	0.0027	0.0068	0.0052	0.0178	0.0135	0.0098	0.0032	0.0026	0.0068	0.0068	0.0041	5e-04	0.0025	-2e-04	0.0054	0.0039	0.0034	1e-04	0.0102	0.0039	0.0041	0.0125	0.0032	-0.0064	0.0016	0.01
"TCGA-DC-6681"	-0.0062	0.0133	-0.0078	0.006	0.011	-0.0037	-0.4203	0.3559	-0.0059	0.0171	0.009	0.0193	0.0181	0.0242	0.3559	0.0091	0.0264	-0.0059	0.078	-0.0059	-0.0056	0	0.0045	0.009	0.0264	0.0133	0	-0.408	-0.004	5e-04	0.1262	0.0458	-0.0135	-0.0059	0.0164	0.0203	0.0123	0.0164	0.0133	0.0355	0.0133	0.1175	0.0133	-0.0071	0.0196	0.0164	0.0403	0.1176	-4e-04	-0.0056	-0.0098	0.0264	-0.0062	-0.4536	0.0403	0.0409	0.0111	0.0179	0.0384	0.3559	0.028	0.0143	-0.477	0.0274	0.078	0.0504	-0.0098	0.0264	0.01	0.0091	0.0424
"TCGA-F5-6812"	0.0573	0.0472	-0.0677	0.0684	-0.2975	0.0012	-0.3872	0.599	0.3449	0.0439	-0.0245	0.0339	-0.0153	-0.1293	0.599	0.1351	-0.3667	0.3312	0.5854	0.3312	-0.3992	0.0612	-0.0656	-0.0396	-0.3667	0.0472	0.0612	-0.3645	-0.0727	0.2596	0.0826	-0.0264	0.1155	0.3449	0.0057	-0.356740295950879	0.2397	-0.3748	0.0339	0.0823	0.055	0.0807	0.0472	0.0221	-0.2455	0.0057	-0.3646	0.0826	0.0014	-0.0677	0.0352	-0.3667	0.0573	0.078	0.078	0.564	-0.0461	-0.1293	0.0974	0.599	-0.037	-0.044	0.0719	0.0725	0.6126	-0.0076	0.051	-0.3667	0.039	0.1135	-0.3748
"TCGA-AH-6544"	0.0874	0.0853	-0.2117	0.08	0.0784	-0.2001	-0.5673	0.296	-0.2001	0.0826	0.0862	0.0853	0.2648	-0.1728	0.2519	0.0959	-0.1815	-0.2182	0.3074	-0.2182	-0.2045	0.0776	-0.2062	0.3188	-0.1815	0.0853	0.0776	-0.5681	0.0845	0.0788	-0.1982	0.1612	-0.2143	-0.2001	0.0019	-0.0348	-0.2143	-0.2127	0.0853	0.2962	0.0853	0.0896	0.0853	0.0824	0.0784	0.0019	-0.1952	-0.2163	0.0579	-0.2037	0.0761	-0.1815	0.0874	-0.1916	-0.1881	0.1327	0.1086	-0.1937	0.0778	0.296	0.2755	0.0954	-0.2012	-0.1856	0.3121	0.1437	0.0903	-0.1815	0.0862	0.0959	-0.1976
"TCGA-DC-6682"	0.4909	0.122	-0.2804	0.1268	-0.0621	0.0579	-0.1793	0.2491	0.0541	-0.0783	-0.0834	0.1228	0.3107	0.1413	9e-04	0.1413	-0.0662	0.0541	0.1334	0.0541	-0.2804	0.1302	-0.3737	-0.0859	-0.0662	0.122	0.1302	-0.1743	-0.0814	-0.2699	-0.3679	-0.2899	-0.0762	0.0541	-0.0093	0.1207	-0.0793	-0.0847	0.1228	0.0089	0.122	0.1434	0.122	-0.2956	-0.0789	-0.0093	-0.0103	-0.3924	-0.0646	-0.2804	-0.2699	-0.0662	0.4909	0.0353	0.006	0.1464	0.4989	0.134	-0.0152	0.2403	1.0907	0.51	0.0455	0.1748	0.1416	-0.2921	-0.2699	-0.0662	0.1101	0.1413	-0.0183
"TCGA-F5-6813"	0.0397	0.0057	0.0186	0.0247	0.034	0.0248	-0.4704	0.6062	0.0207	0.0372	0.0414	-0.0013	-0.0954	0.0329	0.0242	0.0262	-0.4608	0.0207	0.4861	0.0207	0.0161	0.0248	-0.4706	0.0206	-0.4608	0.0057	0.0248	-0.4704	0.0315	0.3658	0.042	0.3583	0.0372	0.0267	0.0032	0.0258	0.0213	0.0205	0	0.32	0.0104	0.0326	0.0057	0.0274	0.034	4e-04	-0.468	0.0368	0.0372	0.0186	0.0345	-0.4608	0.0397	-0.468	-0.468	0.3117	2.9418	0.0258	0.3402	0.6041	0.2143	0.0341	-0.468	0.3607	0.4861	0.3583	0.0376	-0.4608	0.0041	0.0262	-0.4577
"TCGA-AH-6547"	-0.0014	-0.0032	-0.0467	5e-04	0.0021	-0.0011	-0.0721	0.1996	0.0031	0.0101	-0.0027	-0.0032	0.1951	0.0054	-0.0728	-7e-04	0.0064	0.0031	0.0729	0.0031	-0.0024	0.0038	-0.009	0.0054	0.0064	-0.0032	0.0038	-0.0567	-0.0019	-6e-04	0.012	0.0731	-0.0035	0.0031	0.019	0.0033	0.0058	0.0038	-0.0032	0.0085	-0.0032	0.0085	-0.0032	-0.0014	0.0021	0.019	-0.0123	0.0068	0.0051	-0.0629	0.0091	0.0064	8e-04	-0.0123	-0.0123	0.0615	-0.009	0.0043	-0.0023	0.1996	-0.0791	0.0628	-0.0123	0.008	0.0729	0.0687	-0.0014	0.0064	5e-04	-7e-04	0.004
"TCGA-AF-6655"	-0.0906	-0.0734	-0.1553	-0.0905	-0.1003	-0.1003	-0.5986	0.646	-0.1018	-0.1003	0.1011	-0.095	0.2439	-0.5668	0.6518	-0.0722	-0.0908	-0.1018	0.2556	-0.1256	-0.0975	-0.1012	-0.6122	0.0914	-0.0908	-0.0734	-0.1012	-0.5986	-0.6438	0.1482	0.1417	0.2623	-0.0989	-0.1018	-0.0291	-0.0969	-0.106	-0.1081	-0.0734	-0.0895	-0.0734	0.2445	-0.0734	0.2105	-0.1003	0.025	-0.0879	0.1417	-0.1003	-0.1553	0.1324	-0.0908	-0.0906	-0.0879	-0.0879	0.2407	-0.0604	-0.0648	-0.0895	0.646	0.2312	-0.0824	-0.1008	0.7343	0.257	0.2513	0.1343	-0.0908	-0.095	-0.0722	-0.0895
"TCGA-DC-6683"	-0.0602	-0.0037	-0.3505	0.0202	-0.3255	-0.0438	-0.3436	1.127	-0.0511	-0.3264	0.0716	-0.0091	0.4284	0.1618	-0.3753	0.1487	-0.3094	-0.0511	0.6756	-0.0511	-0.3378	0.0129	-0.3572	0.08	-0.3094	0.022	0.0129	-0.3415	-0.1762	0.2786	0.0251	0.2862	-0.06	-0.0438	-0.0126	-0.0555	-0.3144	-0.3231	0.0023	0.005	0.0023	0.0218	-0.0037	0.2682	-0.3255	-0.0107	0.0177	0.0251	-0.2938	-0.3505	0.2712	-0.3094	-0.0602	-0.342	0.0177	0.3098	0.2818	0.1492	-0.0012	1.127	-0.0308	0.2744	-0.3436	-0.0322	0.2806	0.295	0.251	-0.3094	-0.0091	0.1487	0.0145
"TCGA-EI-6884"	-0.0239	0.0116	0.0076	-0.0149	-0.0165	-0.015	-0.304836980934164	0.2178	-0.0336	-0.0231	-0.0282	-0.0065	0.114	-0.0063	-0.2835	-0.0038	-0.2839	-0.0223	0.6238	-0.0223	0.0019	-0.0459	-0.2737	-0.0339	-0.2839	-0.0154	-0.0459	-0.2972	-0.0028	-0.0169	-0.0224	0.0342	-0.0393	-0.0336	1e-04	-0.0449	-0.022	-0.304	-0.0047	0.1929	-0.0047	-0.0188	0.0116	0.0012	-0.0165	0.0209	-0.0061	-0.0224	-0.0113	0.0076	-0.0169	-0.2839	-0.0239	-0.0061	-0.0061	0.1851	0.0089	-0.023	0.178	0.2137	0.2075	8e-04	0.0103	0.1799	0.6196	0.0342	0.0065	-0.2839	0.001	-0.0038	-0.0063
"TCGA-EI-6917"	-0.0014	-0.007	-0.0031	0.009	-0.0023	0.0052	0.0067	-0.0106	0.0052	0.0219	0.0154	-0.0105	0.0033	0.0199	0.0119	-0.0066	0.0046	-0.0123	0.0052	-0.0123	-0.0031	0.016	-0.0046	0.0058	0.0046	-0.0105	0.016	0.0067	0.0143	-0.0054	0.0121	0.002	0.007	0.0052	0.0157	0.0028	-0.0141	-0.0043	-0.0105	0.0051	-0.0105	0.0154	-0.007	-0.0021	0.025	0.0157	0.0036	0.0146	0.0057	-0.0031	0.0119	0.011	-0.0014	-0.0034	0.0036	-0.0043	-0.0046	0.0116	0.009	-0.0106	0.0069	0.0112	-0.0126	0.0243	0.0052	0.0162	-0.0021	0.011	-0.0105	-0.0066	0.0059
"TCGA-DC-4749"	-0.0247	0.2542	-0.0242	-0.001	-0.0354	0.3027	-0.4567	1.1264	0.322	0.0284	0.0104	0.2407	0.2885	0.0285	-0.4725	-0.04	-0.0035	0.2931	0.3145	0.2931	-0.0539	0.0157	-0.5235	0.0179	0.0077	0.2542	0.0157	-0.4437	-0.0904	0.5398	0.0131	0.4053	0.0219	0.3212	0.0292	-0.4169	-0.019	-0.4913	0.2436	0.2981	0.2542	0.0269	0.2542	0.495	-2e-04	0.0156	-0.4759	3e-04	-0.0021	-0.0242	0.5148	-0.0035	-0.0247	-0.5038	-0.5139	0.3013	-0.0238	0.0203	0.3054	1.1264	0.0306	-0.0139	-0.5318	-0.4248	0.3509	0.4521	0.5353	-0.0035	-0.5189	-0.04	-0.4811
"TCGA-EI-6885"	-0.0942	0.323	0.1165	0.1094	-0.126	0.1274	-0.3798	0.7951	0.1274	-0.123	-0.4017	0.2546	1.2797	0.1443	0.8165	0.139	-0.3737	0.1274	-0.068	0.1274	-0.0691	0.1112	-0.0732	-0.1083	-0.3737	0.323	0.1112	-0.3798	0.1336	-0.0804	-0.0813	-0.0856	-0.0984	0.1274	0.0182	-0.0902	-0.1147	0.1466	0.2546	0.1474	0.323	-0.025	0.323	-0.084	-0.123	0.0182	-0.3935	-0.0813	-0.123	0.1165	-0.0804	-0.3737	-0.0942	-0.0864	-0.0864	0.4772	-0.0732	0.1355	0.151	0.7951	-0.4093	-0.0774	-0.0885	-0.0735	-0.068	-0.0864	-0.084	-0.3737	-0.3631	0.139	-0.402
"TCGA-F5-6861"	-0.0158	-0.0087	0.0095	-0.0059	-0.0156	-0.0099	-0.0301	0.2924	-0.0099	-0.0047	-6e-04	-0.0187	-0.0051	-0.0014	0.2924	-0.0086	-0.0047	-0.0099	0.0563	-0.0099	-0.0157	-0.0042	-0.0432	-5e-04	-0.0047	-0.0087	-0.0042	-0.0291	-0.0113	-0.0185	-0.0046	0.0064	-0.0066	-0.0099	0.0143	-0.0184	-0.0153	-0.0264	-0.0121	-0.0034	-0.0121	0.0021	-0.0087	-0.02	-0.0047	0.0143	-0.0251	-0.0046	-0.0047	0.0102	-0.013	-0.0047	0.0021	-0.0371	-0.0251	-8e-04	-0.0141	4e-04	-0.0096	0.2924	-0.0118	-0.0099	-0.046	0.3023	0.0563	0.0162	3e-04	-0.0047	-0.0187	-0.0086	-0.0236
"TCGA-AF-6672"	0.008	0.042	-0.3321	0.0025	-0.3622	-0.3765	-0.9319	0.3102	-0.3845	-0.36	-0.3895	0.0422	0.3154	0.4711	0.3102	0.4867	-0.3493	-0.3808	0.3721	-0.3796	-0.338	-0.0047	0.0435	-0.3865	-0.3493	0.042	-0.0047	-0.555383300301938	-0.3697	-0.3504	0.2852	0.0047	0	-0.379737655115956	0.0184	-0.0063	-0.3698	0.3012	0.0422	0.4767	0.042	0.2858	0.042	0.0471	-0.3622	0.0184	0.0214	0.2852	-0.36	-0.3321	0.06	-0.3493	0.0091	0.0214	0.0214	0.0171	0.029	-0.0434	0.4767	0.3102	0.3474	0.0259	0.0371	0.0263	0.3721	0.0047	-0.348	-0.3493	0.0381	0.4867	0.0161
"TCGA-F5-6863"	-0.0247	0.0475	-0.6362	0.2908	-0.1055	-0.0662	-0.7219	0.7301	-0.1071	-0.0634	-0.6992	-0.015	0.5605	-0.0779	0.3429	-0.0567	-0.0292	-0.1071	0.6992	-0.1071	-0.6205	0.2832	-0.6387	-0.0624	-0.0292	0.0475	0.2832	-0.7088	-0.3802	0.1712	-0.0576	0.2801	-0.0839	-0.1071	0.0384	-0.0959	-0.0751	-0.159	0.0475	0.2965	0.0475	0.3121	0.0475	0.1709	-0.1049	0.0384	-0.0913	-0.0576	-0.0765	-0.6362	0.185	0.0059	-0.0797	-0.0584	-0.0913	0.272	-0.6387	-0.07	0.3435	0.7301	-0.3925	-0.0745	-0.053	-0.0716	0.6992	0.26	0.1782	0.0059	0.0062	-0.0567	-0.1657
"TCGA-AH-6897"	-0.0991	-0.1006	0.2519	0.2213	-0.0253	0.242	-0.4832	0.4614	0.2354	-0.0399	-0.043	-0.1037	-0.0634	-0.0313	0.4894	-0.067	-0.0526	0.2354	0.2388	0.2354	0.2365	0.2254	-0.5221	-0.0331	-0.0526	-0.1006	0.2254	-0.4832	0.2268	-0.0676	-0.0441	0.2531	-0.0579	0.2354	0.0147	-0.0645	-0.0606	-0.0664	-0.1006	-0.0517	-0.1006	-0.0414	-0.1006	-0.0652	-0.452	0.0348	-0.0522	-0.0483	-0.0957	0.2628	-0.0676	-0.0483	-0.0464	-0.0522	-0.0522	0.2373	0.6362	-0.0498	-0.0799	0.4614	-0.0606	0.6438	-0.0779	-0.0736	0.2435	0.2621	-0.0372	-0.0483	-0.101	-0.067	-0.0732
"TCGA-DC-4745"	-0.1256	-0.2579	-0.1881	-0.0556	0.0364	-0.0622	-0.85	0.6623	-0.0134	0.1488	-0.1008	0.2692	-0.1334	-0.0841	0.6749	-0.1193	0.093	-0.0134	0.4549	-0.0134	-0.2318	-0.0809	-0.9124	-0.1781	0.1108	-0.2579	-0.0809	-0.8573	-0.9631	-0.1239	0.2406	0.2432	-0.0328	-0.0134	0.0496	-0.108	0.1663	-0.0573	-0.2357	-0.175328291015061	-0.2104	0.2701	-0.2579	-0.1574	0.1668	0.0548	-0.11	0.2657	0.1232	-0.2345	-0.1216	-0.1664	-0.1256	-0.1148	-0.1012	0.8339	-0.1338	-0.1127	-0.0994	0.6623	-0.0994	-0.0908	-0.1374	0.6923	0.4578	0.2262	-0.1283	-0.1664	0.3294	-0.1155	-0.1001
"TCGA-F5-6864"	-0.015	-0.0108	-0.0372	0.1343	-0.223	0.0016	-0.5447	0.8643	0	-0.2305	-0.0241	-0.0108	0.6188	-0.059	-0.5396	-0.0532	-0.0028	0	0.585	0	-0.0175	0.1351	-0.5363	-0.0226	-0.0028	-0.0108	0.1351	-0.5447	-0.0043	-0.0111	0.3408	0.3185	-0.0216	0	0.0186	-0.0092	-0.0108	-0.0332	-0.0108	-0.0138	-0.0108	-0.0283	-0.0108	-0.0099	-0.2228	0.0186	-0.0173	0.3408	-0.2283	-0.0372	-0.002	0.0056	-0.015	-0.5171	-0.0014	0.3039	0.2086	-0.0599	-0.0196	0.9574	0.4814	0.0614	-0.5405	0.0772	-0.0206325787788575	0.3185	-0.002	0.0056	0.0091	-0.0532	-0.0069
"TCGA-EI-6881"	0.1255	0.0992	-0.4224	0.0844	-0.1298	-0.126	-0.4469	0.4995	-0.1566	-0.1285	0.1063	0.0317	0.0794	-0.1255	-0.4243	-0.1255	-0.4328	-0.1428	0.9022	-0.1428	-0.4266	0.0915	-0.1238	-0.0796	-0.4328	0.0992	0.0915	0.7394	-0.0028	0.1148	0.1255	0.0903	0.1064	-0.1566	-0.0085	-0.1565	0.0152	-0.449	0.0862	0.1229	0.0879	0.1034	0.0992	0.0955	-0.1248	0.0279	0.1106	0.1048	-0.1285	-0.4266	0.1254	-0.4201	0.1255	0.1404	0.139	0.0996	-0.1053	-0.1088	0.1258	0.4995	0.104	-0.0899	0.1451	0.1159	0.8078	0.0975	0.1207	-0.4201	0.0854	-0.1255	0.1085
"TCGA-EI-6882"	-0.0036	-0.0175	2e-04	-0.0112	-0.0025	2e-04	-0.0059	-0.007	-0.005	0.0038	0.0054	-0.0175	-0.013	-0.001	0.0137	0.0071	-0.6226	-0.0126	-0.0062	-0.0126	-0.0051	-0.0082	-0.0114	-0.0086	-0.6226	-0.0175	-0.0082	-0.0059	-0.005	0.0038	-0.0073	-0.0075	-0.0051	-0.005	0.0077	-0.0095	-0.0095	-0.0189	-0.0175	0.3774	-0.0175	0.0012	-0.0175	-0.0069	1e-04	0.0077	0.01	-0.0073	-0.0182	2e-04	0.0029	0.0081	-0.0036	-0.003	-0.003	-0.0075	0.0075	-0.001	0.3793	-0.007	-0.0069	0.0028	-0.0081	-0.0012	-0.0062	-0.0075	0.0029	0.0081	-0.017	0.0071	9e-04
"TCGA-AF-A56N"	0.0698	0.0973	0.0849	0.0863	0.0839	0.0569	-0.6682	0.9759	0.0569	0.0788	0.0887	0.0699	0.08	0.0999	-0.6696	0.0969	-0.6557	0.0569	0.7378	0.0569	0.0884	0.0876	-0.5662	0.0732	-0.6557	0.0973	0.0876	-0.6626	-0.0743	0.0937	0.0869	0.0876	0.06	0.0569	-0.0047	0.0345	0.0634	-0.6768	0.0731	-0.1899	0.0731	0.0864	0.0973	0.0698	0.0701	0.0046	-0.1742	0.0959	0.029	0.0681	0.0929	0.0969	0.0698	-0.1742	-0.1742	0.0746	0.1457	0.0772	-0.1863	0.7848	0.0969	0.1608	-0.1931	0.0867	0.3623	0.0857	0.0896	0.0969	0.0699	0.0969	-0.2025
